{"Code":200,"Msg":"获取成功！","Data":[{"_id":"5bba022fc8b49e43947f5b49","metadata":{"generator":"OptionsSerializer","type":"Object","version":"0.0.1"},"server":"http://localhost:2000","theme":"assets/css/light.css","showGrid":true,"showCameraHelper":true,"showPointLightHelper":false,"showDirectionalLightHelper":true,"showSpotLightHelper":true,"showHemisphereLightHelper":true,"showRectAreaLightHelper":true,"showSkeletonHelper":false},{"_id":"5bba022fc8b49e43947f5b4a","metadata":{"generator":"PerspectiveCameraSerializer","type":"Object","version":"0.0.1"},"castShadow":false,"children":["C3DBA64E-4B93-4199-8A80-17AE8C2A732A"],"frustumCulled":true,"layers":{"mask":1},"matrix":{"elements":[-0.72401258392669354,0,-0.68978676293169949,0,-0.05501195943204,0.99681472637689639,0.0577415413510994,0,0.68758960335016706,0.079752123972676336,-0.72170640574031686,0,340.18215761247933,155.85610585102668,-377.91529531920986,1]},"matrixAutoUpdate":true,"matrixWorld":{"elements":[-0.72401258392669354,0,-0.68978676293169949,0,-0.05501195943204,0.99681472637689639,0.0577415413510994,0,0.68758960335016706,0.079752123972676336,-0.72170640574031686,0,340.18215761247933,155.85610585102668,-377.91529531920986,1]},"matrixWorldNeedsUpdate":false,"modelViewMatrix":{"elements":[1,0,0,0,0,1,0,0,0,0,1,0,0,0,0,1]},"name":"默认相机","normalMatrix":{"elements":[1,0,0,0,1,0,0,0,1]},"parent":null,"position":{"x":340.18215761247933,"y":155.85610585102668,"z":-377.91529531920986},"quaternion":{"x":-0.014824771808756604,"y":0.92770330872050721,"z":0.03705216528585191,"w":0.37117911333677106},"receiveShadow":false,"renderOrder":0,"rotation":{"x":-3.0315342497208504,"y":0.75816416189048841,"z":3.0657563221053832,"order":"XYZ"},"scale":{"x":1,"y":1,"z":1},"type":"PerspectiveCamera","up":{"x":0,"y":1,"z":0},"userData":{"isDefault":true},"uuid":"B688EF8E-E8D9-43F2-A1E0-0D567847F59E","visible":true,"isObject3D":true,"matrixWorldInverse":{"elements":[-0.72401258392669354,-0.05501195943204,0.68758960335016717,0,-6.9388939039072284E-18,0.9968147263768965,0.079752123972676336,0,-0.68978676293169938,0.057741541351099393,-0.72170640574031675,0,-14.384805281846038,-114.82416280209114,-519.07945975441567,1]},"projectionMatrix":{"elements":[0.99587786462210648,0,0,0,0,2.1445069205095586,0,0,0,0,-1.0000200002000021,-1,0,0,-0.20000200002000021,0]},"aspect":2.1533834586466165,"far":10000,"filmGauge":35,"filmOffset":0,"focus":10,"fov":50,"near":0.1,"view":null,"zoom":1},{"_id":"5bba022fc8b49e43947f5b4b","metadata":{"generator":"WebGLRendererSerializer","type":"Object","version":"0.0.1"},"antialias":true,"autoClear":false,"autoClearColor":true,"autoClearDepth":true,"autoClearStencil":true,"autoUpdateScene":false,"clippingPlanes":[],"gammaFactor":2,"gammaInput":false,"gammaOutput":false,"localClippingEnabled":false,"physicallyCorrectLights":false,"shadowMap":{"metadata":{"generator":"WebGLShadowMapSerializer","type":"Object","version":"0.0.1"},"autoUpdate":true,"enabled":true,"needsUpdate":false,"type":2},"sortObjects":true,"toneMapping":1,"toneMappingExposure":1,"toneMappingWhitePoint":1},{"_id":"5bba022fc8b49e43947f5b4c","metadata":{"generator":"ScriptSerializer","type":"Object","version":"0.0.1"},"id":null,"name":"marine动画","type":"javascript","source":"var mesh = this.getObjectByName('marine');\nvar mixer = new THREE.AnimationMixer(mesh);\n\nvar idleAnimation = mixer.clipAction('idle');\nvar runAnimation = mixer.clipAction('run');\nvar TposeAnimation = mixer.clipAction('Tpose');\nvar walkAnimation = mixer.clipAction('walk');\n\nrunAnimation.play();\n\nfunction update(clock, deltaTime) { \n    mixer.update(deltaTime); \n}","uuid":"E688F494-5054-450B-A1F0-7E870B01B108"},{"_id":"5bba022fc8b49e43947f5b4d","metadata":{"generator":"AnimationSerializer","type":"Object","version":"0.0.1"},"id":null,"uuid":"AE1FF44E-7052-40EB-934D-C944154FB6E1","name":"组1","type":"AnimationGroup","index":1,"animations":[]},{"_id":"5bba022fc8b49e43947f5b4e","metadata":{"generator":"AnimationSerializer","type":"Object","version":"0.0.1"},"id":null,"uuid":"73685AB6-25C9-475E-AD4A-FA6BE43FB301","name":"组2","type":"AnimationGroup","index":1,"animations":[]},{"_id":"5bba022fc8b49e43947f5b4f","metadata":{"generator":"AnimationSerializer","type":"Object","version":"0.0.1"},"id":null,"uuid":"14495D0E-B876-486C-A8E9-F579B3848EA9","name":"组3","type":"AnimationGroup","index":2,"animations":[]},{"_id":"5bba022fc8b49e43947f5b50","metadata":{"generator":"AudioListenerSerializer","type":"Object","version":"0.0.1"},"castShadow":false,"children":[],"frustumCulled":true,"layers":{"mask":1},"matrix":{"elements":[1,0,0,0,0,1,0,0,0,0,1,0,0,0,0,1]},"matrixAutoUpdate":true,"matrixWorld":{"elements":[-0.72401258392669354,0,-0.68978676293169949,0,-0.05501195943204,0.99681472637689639,0.0577415413510994,0,0.68758960335016706,0.079752123972676336,-0.72170640574031686,0,340.18215761247933,155.85610585102668,-377.91529531920986,1]},"matrixWorldNeedsUpdate":false,"modelViewMatrix":{"elements":[1,0,0,0,0,1,0,0,0,0,1,0,0,0,0,1]},"name":"音频监听器","normalMatrix":{"elements":[1,0,0,0,1,0,0,0,1]},"parent":"B688EF8E-E8D9-43F2-A1E0-0D567847F59E","position":{"x":0,"y":0,"z":0},"quaternion":{"x":0,"y":0,"z":0,"w":1},"receiveShadow":false,"renderOrder":0,"rotation":{"x":0,"y":0,"z":0,"order":"XYZ"},"scale":{"x":1,"y":1,"z":1},"type":"AudioListener","up":{"x":0,"y":1,"z":0},"userData":{},"uuid":"C3DBA64E-4B93-4199-8A80-17AE8C2A732A","visible":true,"isObject3D":true,"masterVolume":1},{"_id":"5bba022fc8b49e43947f5b51","metadata":{"generator":"SceneSerializer","type":"Object","version":"0.0.1"},"castShadow":false,"children":["51CDF957-BA38-4A0C-90E5-064EF55DD72A","F08C9B57-D733-4E1C-B16D-D9BC61B05872","A04F2C03-47F5-369D-9DE6-06952C19507E"],"frustumCulled":true,"layers":{"mask":1},"matrix":{"elements":[1,0,0,0,0,1,0,0,0,0,1,0,0,0,0,1]},"matrixAutoUpdate":true,"matrixWorld":{"elements":[1,0,0,0,0,1,0,0,0,0,1,0,0,0,0,1]},"matrixWorldNeedsUpdate":false,"modelViewMatrix":{"elements":[1,0,0,0,0,1,0,0,0,0,1,0,0,0,0,1]},"name":"场景","normalMatrix":{"elements":[1,0,0,0,1,0,0,0,1]},"parent":null,"position":{"x":0,"y":0,"z":0},"quaternion":{"x":0,"y":0,"z":0,"w":1},"receiveShadow":false,"renderOrder":0,"rotation":{"x":0,"y":0,"z":0,"order":"XYZ"},"scale":{"x":1,"y":1,"z":1},"type":"Scene","up":{"x":0,"y":1,"z":0},"userData":{},"uuid":"F7477733-B101-42A9-A09F-C809411559C0","visible":true,"isObject3D":true,"background":11184810,"fog":null,"overrideMaterial":null},{"_id":"5bba022fc8b49e43947f5b52","metadata":{"generator":"AmbientLightSerializer","type":"Object","version":"0.0.1"},"children":[],"frustumCulled":true,"layers":{"mask":1},"matrix":{"elements":[1,0,0,0,0,1,0,0,0,0,1,0,0,0,0,1]},"matrixAutoUpdate":true,"matrixWorld":{"elements":[1,0,0,0,0,1,0,0,0,0,1,0,0,0,0,1]},"matrixWorldNeedsUpdate":false,"modelViewMatrix":{"elements":[1,0,0,0,0,1,0,0,0,0,1,0,0,0,0,1]},"name":"环境光","normalMatrix":{"elements":[1,0,0,0,1,0,0,0,1]},"parent":"F7477733-B101-42A9-A09F-C809411559C0","position":{"x":0,"y":0,"z":0},"quaternion":{"x":0,"y":0,"z":0,"w":1},"renderOrder":0,"rotation":{"x":0,"y":0,"z":0,"order":"XYZ"},"scale":{"x":1,"y":1,"z":1},"type":"AmbientLight","up":{"x":0,"y":1,"z":0},"userData":{},"uuid":"51CDF957-BA38-4A0C-90E5-064EF55DD72A","visible":true,"isObject3D":true,"color":16777215,"intensity":0.24,"isLight":true,"shadow":null,"isAmbientLight":true},{"_id":"5bba022fc8b49e43947f5b53","metadata":{"generator":"DirectionalLightSerializer","type":"Object","version":"0.0.1"},"castShadow":true,"children":[],"frustumCulled":true,"layers":{"mask":1},"matrix":{"elements":[1,0,0,0,0,1,0,0,0,0,1,0,5,10,7.5,1]},"matrixAutoUpdate":true,"matrixWorld":{"elements":[1,0,0,0,0,1,0,0,0,0,1,0,5,10,7.5,1]},"matrixWorldNeedsUpdate":false,"modelViewMatrix":{"elements":[1,0,0,0,0,1,0,0,0,0,1,0,0,0,0,1]},"name":"平行光","normalMatrix":{"elements":[1,0,0,0,1,0,0,0,1]},"parent":"F7477733-B101-42A9-A09F-C809411559C0","position":{"x":5,"y":10,"z":7.5},"quaternion":{"x":0,"y":0,"z":0,"w":1},"renderOrder":0,"rotation":{"x":0,"y":0,"z":0,"order":"XYZ"},"scale":{"x":1,"y":1,"z":1},"type":"DirectionalLight","up":{"x":0,"y":1,"z":0},"userData":{},"uuid":"F08C9B57-D733-4E1C-B16D-D9BC61B05872","visible":true,"isObject3D":true,"color":16777215,"intensity":0.56,"isLight":true,"shadow":{"metadata":{"generator":"DirectionalLightShadowSerializer","type":"Object","version":"0.0.1"},"bias":0,"camera":{"metadata":{"generator":"OrthographicCameraSerializer","type":"Object","version":"0.0.1"},"castShadow":false,"children":[],"frustumCulled":true,"layers":{"mask":1},"matrix":{"elements":[0.83205029433784372,2.7755575615628914E-17,-0.554700196225229,0,-0.41202096209968375,0.66953406341198618,-0.61803144314952574,0,0.37139067635410372,0.74278135270820744,0.55708601453115558,0,5,10,7.5,1]},"matrixAutoUpdate":true,"matrixWorld":{"elements":[0.83205029433784372,2.7755575615628914E-17,-0.554700196225229,0,-0.41202096209968375,0.66953406341198618,-0.61803144314952574,0,0.37139067635410372,0.74278135270820744,0.55708601453115558,0,5,10,7.5,1]},"matrixWorldNeedsUpdate":false,"modelViewMatrix":{"elements":[1,0,0,0,0,1,0,0,0,0,1,0,0,0,0,1]},"name":"","normalMatrix":{"elements":[1,0,0,0,1,0,0,0,1]},"parent":null,"position":{"x":5,"y":10,"z":7.5},"quaternion":{"x":-0.38904698186552672,"y":0.26476298577359092,"z":0.1177939480420426,"w":0.87445273918619892},"receiveShadow":false,"renderOrder":0,"rotation":{"x":-0.92729521800161219,"y":0.3805063771123649,"z":0.45979025757734426,"order":"XYZ"},"scale":{"x":1,"y":1,"z":1},"type":"OrthographicCamera","up":{"x":0,"y":1,"z":0},"userData":{},"uuid":"6D202736-BE5C-400B-91D3-CFBAD5960E3D","visible":true,"isObject3D":true,"matrixWorldInverse":{"elements":[0.83205029433784372,-0.41202096209968375,0.37139067635410367,0,-5.5511151231257827E-17,0.66953406341198618,0.74278135270820744,0,-0.55470019622522915,-0.61803144314952574,0.55708601453115558,0,0,0,-13.46291201783626,1]},"projectionMatrix":{"elements":[0.01,0,0,0,0,0.01,0,0,0,0,-0.004004004004004004,0,0,0,-1.002002002002002,1]},"bottom":-100,"far":500,"left":-100,"near":0.5,"right":100,"top":100,"view":null,"zoom":1},"map":{"metadata":{"generator":"WebGLRenderTargetSerializer","type":"Object","version":"0.0.1"},"depthBuffer":true,"depthTexture":null,"height":2048,"scissor":{"x":0,"y":0,"z":2048,"w":2048},"scissorTest":false,"stencilBuffer":true,"texture":{"metadata":{"generator":"TextureSerializer","type":"Object","version":"0.0.1"},"anisotropy":1,"center":{"x":0,"y":0},"encoding":3000,"flipY":true,"format":1023,"generateMipmaps":true,"image":null,"magFilter":1003,"mapping":300,"matrix":{"elements":[1,0,0,0,1,0,0,0,1]},"matrixAutoUpdate":true,"minFilter":1003,"mipmaps":[],"name":"平行光.shadowMap","offset":{"x":0,"y":0},"premultiplyAlpha":false,"repeat":{"x":1,"y":1},"rotation":0,"type":1009,"unpackAlignment":4,"uuid":"EA024542-A47E-4E5E-AAF4-A79F521F58D2","version":0,"wrapS":1001,"wrapT":1001,"isTexture":true},"viewport":{"x":0,"y":0,"z":2048,"w":2048},"width":2048,"isWebGLRenderTarget":true},"mapSize":{"x":2048,"y":2048},"matrix":{"elements":[0.0041602514716892183,-0.0020601048104984189,-0.00074352487758579317,0,-2.7755575615628914E-19,0.0033476703170599309,-0.0014870497551715866,0,-0.002773500981126146,-0.0030901572157476286,-0.00111528731637869,0,0.5,0.5,0.025951775811484026,1]},"radius":1},"isDirectionalLight":true},{"_id":"5bba022fc8b49e43947f5b54","metadata":{"generator":"ServerObject","type":"Object","version":"0.0.1"},"castShadow":true,"children":["0E9CE5F4-79FD-4CC6-8816-EA2F091AB25B"],"frustumCulled":true,"layers":{"mask":1},"matrix":{"elements":[1,0,0,0,0,1,0,0,0,0,1,0,0,0,0,1]},"matrixAutoUpdate":true,"matrixWorld":{"elements":[1,0,0,0,0,1,0,0,0,0,1,0,0,0,0,1]},"matrixWorldNeedsUpdate":false,"modelViewMatrix":{"elements":[-0.72401258392669354,-0.05501195943204,0.68758960335016717,0,-6.9388939039072284E-18,0.9968147263768965,0.079752123972676336,0,-0.68978676293169938,0.057741541351099393,-0.72170640574031675,0,-14.384805281846038,-114.82416280209114,-519.07945975441567,1]},"name":"marine","normalMatrix":{"elements":[-0.72401258392669354,-0.05501195943204,0.68758960335016706,0,0.99681472637689628,0.079752123972676336,-0.6897867629316996,0.057741541351099386,-0.72170640574031686]},"parent":"F7477733-B101-42A9-A09F-C809411559C0","position":{"x":0,"y":0,"z":0},"quaternion":{"x":0,"y":0,"z":0,"w":1},"receiveShadow":true,"renderOrder":0,"rotation":{"x":0,"y":0,"z":0,"order":"XYZ"},"scale":{"x":1,"y":1,"z":1},"type":"SkinnedMesh","up":{"x":0,"y":1,"z":0},"userData":{"scripts":[{"id":null,"name":"marine动画","type":"javascript","source":"var mesh = this.getObjectByName('marine');\nvar mixer = new THREE.AnimationMixer(mesh);\n\nvar idleAnimation = mixer.clipAction('idle');\nvar runAnimation = mixer.clipAction('run');\nvar TposeAnimation = mixer.clipAction('Tpose');\nvar walkAnimation = mixer.clipAction('walk');\n\nrunAnimation.play();\n\nfunction update(clock, deltaTime) { \n    mixer.update(deltaTime); \n}","uuid":"E688F494-5054-450B-A1F0-7E870B01B108"}],"ID":"5bba01a1c8b49e43947f5b44","Name":"marine","TotalPinYin":"marine","FirstPinYin":"marine","Type":"json","Url":"/Upload/Model/20181007205249/marine_anims_core.json","Thumbnail":"","Server":true},"uuid":"A04F2C03-47F5-369D-9DE6-06952C19507E","visible":true,"isObject3D":true},{"_id":"5bba022fc8b49e43947f5b55","metadata":{"generator":"BoneSerializer","type":"Object","version":"0.0.1"},"castShadow":false,"children":["3C9577CC-BF7C-42D0-823C-2DFFE1A48FBC"],"frustumCulled":true,"layers":{"mask":1},"matrix":{"elements":[-0.0017427586420000196,-1.0026139999896877E-06,-0.99999824048999986,0,-0.999998240486,-2.7586419999447997E-06,0.0017429991299999781,0,-3.0008699999917177E-06,0.99999975950999986,-7.5690000000960822E-07,0,-0.002,98.739,1.6E-05,1]},"matrixAutoUpdate":true,"matrixWorld":{"elements":[-0.0017427586420000196,-1.0026139999896877E-06,-0.99999824048999986,0,-0.999998240486,-2.7586419999447997E-06,0.0017429991299999781,0,-3.0008699999917177E-06,0.99999975950999986,-7.5690000000960822E-07,0,-0.002,98.739,1.6E-05,1]},"matrixWorldNeedsUpdate":false,"modelViewMatrix":{"elements":[1,0,0,0,0,1,0,0,0,0,1,0,0,0,0,1]},"name":"Fbx01","normalMatrix":{"elements":[1,0,0,0,1,0,0,0,1]},"parent":"A04F2C03-47F5-369D-9DE6-06952C19507E","position":{"x":-0.002,"y":98.739,"z":1.6E-05},"quaternion":{"x":-0.499565,"y":0.500435,"z":0.500436,"w":0.499563},"receiveShadow":false,"renderOrder":0,"rotation":{"x":-1.5707970836950786,"y":-3.0008699999962218E-06,"z":1.5725390867389311,"order":"XYZ"},"scale":{"x":1,"y":1,"z":1},"type":"Bone","up":{"x":0,"y":1,"z":0},"userData":{},"uuid":"0E9CE5F4-79FD-4CC6-8816-EA2F091AB25B","visible":true,"isObject3D":true},{"_id":"5bba022fc8b49e43947f5b56","metadata":{"generator":"BoneSerializer","type":"Object","version":"0.0.1"},"castShadow":false,"children":["E135CCCD-DCD0-4E87-AB2D-8C041D0BA5EF"],"frustumCulled":true,"layers":{"mask":1},"matrix":{"elements":[-1.0000000000020002,-5.9989540000000005E-06,-0.001046000006,0,-6.001046E-06,0.99999999998,1.996862E-06,0,0.001045999994,2.0031379999999997E-06,-1.0000000000179998,0,0,-0.000165,2.3E-05,1]},"matrixAutoUpdate":true,"matrixWorld":{"elements":[0.0017487607243583,-0.0010449971238985004,0.9999982308275458,0,-0.99999823001361743,-7.6177446338223533E-07,0.0017490001638947928,0,-8.2519000448038024E-07,-0.99999976058225981,-0.0010452377620847359,0,-0.00183500035933982,98.739023000449649,1.5712387734850003E-05,1]},"matrixWorldNeedsUpdate":false,"modelViewMatrix":{"elements":[1,0,0,0,0,1,0,0,0,0,1,0,0,0,0,1]},"name":"Fbx01_Pelvis","normalMatrix":{"elements":[1,0,0,0,1,0,0,0,1]},"parent":"0E9CE5F4-79FD-4CC6-8816-EA2F091AB25B","position":{"x":0,"y":-0.000165,"z":2.3E-05},"quaternion":{"x":-3E-06,"y":1,"z":1E-06,"w":0.000523},"receiveShadow":false,"renderOrder":0,"rotation":{"x":-3.1415906504517932,"y":0.00104600018474098,"z":3.1415866525437934,"order":"XYZ"},"scale":{"x":1,"y":1,"z":1},"type":"Bone","up":{"x":0,"y":1,"z":0},"userData":{},"uuid":"3C9577CC-BF7C-42D0-823C-2DFFE1A48FBC","visible":true,"isObject3D":true},{"_id":"5bba022fc8b49e43947f5b57","metadata":{"generator":"BoneSerializer","type":"Object","version":"0.0.1"},"castShadow":false,"children":["57C469DF-C8F5-4851-9ECB-D5C74A4C905C","CE53AF99-E19A-40C9-BC6A-0F90A921860F","2BE8BEF8-2CC8-499B-8397-F621383C8AE7"],"frustumCulled":true,"layers":{"mask":1},"matrix":{"elements":[-1.0000000000020002,-6.0010420000000005E-06,-0.001041999994,0,-5.998958E-06,0.99999999998,-2.003126E-06,0,0.001042000006,-1.996874E-06,-1.0000000000179998,0,0,0,-10.216,1]},"matrixAutoUpdate":true,"matrixWorld":{"elements":[-0.0017427588331355808,0.0020869968729987469,-0.99999715218762764,0,-0.99999824048270658,1.2476199509054876E-06,0.0017430033102159416,0,4.6442691553293584E-06,0.99999867171477141,0.0020872324320928889,0,-0.0018265702182540485,108.95502055455802,0.010693861365192512,1]},"matrixWorldNeedsUpdate":false,"modelViewMatrix":{"elements":[1,0,0,0,0,1,0,0,0,0,1,0,0,0,0,1]},"name":"Fbx01_Spine","normalMatrix":{"elements":[1,0,0,0,1,0,0,0,1]},"parent":"3C9577CC-BF7C-42D0-823C-2DFFE1A48FBC","position":{"x":0,"y":0,"z":-10.216},"quaternion":{"x":-3E-06,"y":1,"z":-1E-06,"w":0.000521},"receiveShadow":false,"renderOrder":0,"rotation":{"x":3.1415906567157932,"y":0.00104200019456111,"z":3.1415866546317934,"order":"XYZ"},"scale":{"x":1,"y":1,"z":1},"type":"Bone","up":{"x":0,"y":1,"z":0},"userData":{},"uuid":"E135CCCD-DCD0-4E87-AB2D-8C041D0BA5EF","visible":true,"isObject3D":true},{"_id":"5bba022fc8b49e43947f5b58","metadata":{"generator":"BoneSerializer","type":"Object","version":"0.0.1"},"castShadow":false,"children":["2B9DCF26-AA59-4587-8404-A6068194B038"],"frustumCulled":true,"layers":{"mask":1},"matrix":{"elements":[-0.97893383680800028,-0.090391322852000008,-0.183076109412,0,0.10406251789200001,-0.99234587106600025,-0.066479824701999993,0,-0.17566572077200002,-0.084130752258,0.980848388142,0,-0.03767,-14.6537,-10.2159,1]},"matrixAutoUpdate":true,"matrixWorld":{"elements":[0.092096359143328713,-0.18511901086501692,0.97839137422005618,0,0.99216246039382516,-0.0662637963189008,-0.10593064252581909,0,0.084441302538956126,0.98048036652242543,0.17756583889600638,0,14.651865850679163,98.7390372247664,0.0014993486781713621,1]},"matrixWorldNeedsUpdate":false,"modelViewMatrix":{"elements":[1,0,0,0,0,1,0,0,0,0,1,0,0,0,0,1]},"name":"Fbx01_R_Thigh","normalMatrix":{"elements":[1,0,0,0,1,0,0,0,1]},"parent":"E135CCCD-DCD0-4E87-AB2D-8C041D0BA5EF","position":{"x":-0.03767,"y":-14.6537,"z":-10.2159},"quaternion":{"x":0.090227,"y":0.03788,"z":-0.993998,"w":0.048907},"receiveShadow":false,"renderOrder":0,"rotation":{"x":0.085564028267291009,"y":-0.17658196375226745,"z":-3.0356884767056673,"order":"XYZ"},"scale":{"x":1,"y":1,"z":1},"type":"Bone","up":{"x":0,"y":1,"z":0},"userData":{},"uuid":"57C469DF-C8F5-4851-9ECB-D5C74A4C905C","visible":true,"isObject3D":true},{"_id":"5bba022fc8b49e43947f5b59","metadata":{"generator":"BoneSerializer","type":"Object","version":"0.0.1"},"castShadow":false,"children":["9BA6C169-DF88-47E1-9623-0E0C107AB726"],"frustumCulled":true,"layers":{"mask":1},"matrix":{"elements":[0.927814439278,0,0.373042132056,0,0,1,0,0,-0.373042132056,0,0.927814439278,0,1E-06,-2E-06,-43.8235,1]},"matrixAutoUpdate":true,"matrixWorld":{"elements":[0.11694849535083077,0.19400439510115028,0.97400518338849174,0,0.99216246039382516,-0.0662637963189008,-0.10593064252581909,0,0.0439900375976631,0.97876103198527575,-0.20023305497402366,0,10.951350536634658,55.770955829879476,-7.7800560019283056,1]},"matrixWorldNeedsUpdate":false,"modelViewMatrix":{"elements":[1,0,0,0,0,1,0,0,0,0,1,0,0,0,0,1]},"name":"Fbx01_R_Calf","normalMatrix":{"elements":[1,0,0,0,1,0,0,0,1]},"parent":"57C469DF-C8F5-4851-9ECB-D5C74A4C905C","position":{"x":1E-06,"y":-2E-06,"z":-43.8235},"quaternion":{"x":0,"y":-0.189981,"z":0,"w":0.981788},"receiveShadow":false,"renderOrder":0,"rotation":{"x":0,"y":-0.38228568346255415,"z":0,"order":"XYZ"},"scale":{"x":1,"y":1,"z":1},"type":"Bone","up":{"x":0,"y":1,"z":0},"userData":{},"uuid":"2B9DCF26-AA59-4587-8404-A6068194B038","visible":true,"isObject3D":true},{"_id":"5bba022fc8b49e43947f5b5a","metadata":{"generator":"BoneSerializer","type":"Object","version":"0.0.1"},"castShadow":false,"children":["82AB065C-9480-439A-BD0E-7D5ED429999C"],"frustumCulled":true,"layers":{"mask":1},"matrix":{"elements":[0.34679753839999994,0.0005979635840000011,-0.93793952488800014,0,0.11577211331199999,0.99232549931,0.043438630836000004,0,0.93076727901600009,-0.12365168542800001,0.34406681505399994,0,5E-06,1E-06,-47.0481,1]},"matrixAutoUpdate":true,"matrixWorld":{"elements":[-0.00010926763617809254,-0.85077803399643459,0.52552575377051791,0,0.99999835036603157,-0.00077891681058219614,-0.0010528890351158525,0,0.0013047844869539561,0.52552576401727236,0.85077710728333023,0,8.8817044256409829,9.7221098246912021,1.6405335558903316,1]},"matrixWorldNeedsUpdate":false,"modelViewMatrix":{"elements":[1,0,0,0,0,1,0,0,0,0,1,0,0,0,0,1]},"name":"Fbx01_R_Foot","normalMatrix":{"elements":[1,0,0,0,1,0,0,0,1]},"parent":"2B9DCF26-AA59-4587-8404-A6068194B038","position":{"x":5E-06,"y":1E-06,"z":-47.0481},"quaternion":{"x":0.051003,"y":0.570408,"z":-0.035156,"w":0.819022},"receiveShadow":false,"renderOrder":0,"rotation":{"x":0.34500905941940829,"y":1.1965058841516354,"z":-0.32219928067965775,"order":"XYZ"},"scale":{"x":1,"y":1,"z":1},"type":"Bone","up":{"x":0,"y":1,"z":0},"userData":{},"uuid":"9BA6C169-DF88-47E1-9623-0E0C107AB726","visible":true,"isObject3D":true},{"_id":"5bba022fc8b49e43947f5b5b","metadata":{"generator":"BoneSerializer","type":"Object","version":"0.0.1"},"castShadow":false,"children":[],"frustumCulled":true,"layers":{"mask":1},"matrix":{"elements":[0.84401846571,0.000841992318,-0.536313507434,0,0.0023360775220000003,0.999983509308,0.005246318706,0,0.53630908061400007,-0.005680859714,0.84400258030199993,0,0,0,-18.0055,1]},"matrixAutoUpdate":true,"matrixWorld":{"elements":[4.9993481738330454E-05,-0.99991959250244777,-0.012730700587670785,0,0.9999884497588275,-9.3117608866446176E-06,0.0046382450809454535,0,-0.0046382100944332228,-0.012730459456326726,0.9999082889675508,0,8.858211128561134,0.25975568067820376,-13.678133649299671,1]},"matrixWorldNeedsUpdate":false,"modelViewMatrix":{"elements":[1,0,0,0,0,1,0,0,0,0,1,0,0,0,0,1]},"name":"Fbx01_R_Toe0","normalMatrix":{"elements":[1,0,0,0,1,0,0,0,1]},"parent":"9BA6C169-DF88-47E1-9623-0E0C107AB726","position":{"x":0,"y":0,"z":-18.0055},"quaternion":{"x":0.002845,"y":0.279268,"z":-0.000389,"w":0.960209},"receiveShadow":false,"renderOrder":0,"rotation":{"x":0.0067307542175363616,"y":0.56605798778804028,"z":-0.0027677967385501124,"order":"XYZ"},"scale":{"x":1,"y":1,"z":1},"type":"Bone","up":{"x":0,"y":1,"z":0},"userData":{},"uuid":"82AB065C-9480-439A-BD0E-7D5ED429999C","visible":true,"isObject3D":true},{"_id":"5bba022fc8b49e43947f5b5c","metadata":{"generator":"BoneSerializer","type":"Object","version":"0.0.1"},"castShadow":false,"children":["FEA34867-B45B-436F-9FB7-813539B59624"],"frustumCulled":true,"layers":{"mask":1},"matrix":{"elements":[-0.9786122350419999,0.093799881556000012,-0.183076558382,0,-0.107518779316,-0.99197616368399988,0.066485603444000008,0,-0.175371480302,0.084747894316,0.980847904958,0,0.013403,14.6537,-10.2161,1]},"matrixAutoUpdate":true,"matrixWorld":{"elements":[-0.092095081653465444,-0.18511855885191913,0.97839081831180841,0,0.99216210636420343,0.06625988616668127,0.10592822629350906,0,-0.084437559682566915,0.98048070811437671,0.17756595429543395,0,-14.65557159129445,98.7389803787203,0.0015089718918289228,1]},"matrixWorldNeedsUpdate":false,"modelViewMatrix":{"elements":[1,0,0,0,0,1,0,0,0,0,1,0,0,0,0,1]},"name":"Fbx01_L_Thigh","normalMatrix":{"elements":[1,0,0,0,1,0,0,0,1]},"parent":"E135CCCD-DCD0-4E87-AB2D-8C041D0BA5EF","position":{"x":0.013403,"y":14.6537,"z":-10.2161},"quaternion":{"x":-0.090161,"y":0.03804,"z":0.993911,"w":0.050638},"receiveShadow":false,"renderOrder":0,"rotation":{"x":-0.0861886338624279,"y":-0.17628308349835609,"z":3.0321629344050653,"order":"XYZ"},"scale":{"x":1,"y":1,"z":1},"type":"Bone","up":{"x":0,"y":1,"z":0},"userData":{},"uuid":"CE53AF99-E19A-40C9-BC6A-0F90A921860F","visible":true,"isObject3D":true},{"_id":"5bba022fc8b49e43947f5b5d","metadata":{"generator":"BoneSerializer","type":"Object","version":"0.0.1"},"castShadow":false,"children":["4A028F0D-E8C1-48D6-9117-02B5492DFFA6"],"frustumCulled":true,"layers":{"mask":1},"matrix":{"elements":[0.927814439278,0,0.373042132056,0,0,1,0,0,-0.373042132056,0,0.927814439278,0,4E-06,-2E-06,-43.8234,1]},"matrixAutoUpdate":true,"matrixWorld":{"elements":[-0.11694591383416217,0.19400494191361892,0.974004710657641,0,0.99216210636420343,0.06625988616668127,0.10592822629350906,0,-0.043987041479003321,0.97876118029929082,-0.20023274052757051,0,-10.955232991005985,55.770981241746718,-7.78003116787187,1]},"matrixWorldNeedsUpdate":false,"modelViewMatrix":{"elements":[1,0,0,0,0,1,0,0,0,0,1,0,0,0,0,1]},"name":"Fbx01_L_Calf","normalMatrix":{"elements":[1,0,0,0,1,0,0,0,1]},"parent":"CE53AF99-E19A-40C9-BC6A-0F90A921860F","position":{"x":4E-06,"y":-2E-06,"z":-43.8234},"quaternion":{"x":0,"y":-0.189981,"z":0,"w":0.981788},"receiveShadow":false,"renderOrder":0,"rotation":{"x":0,"y":-0.38228568346255415,"z":0,"order":"XYZ"},"scale":{"x":1,"y":1,"z":1},"type":"Bone","up":{"x":0,"y":1,"z":0},"userData":{},"uuid":"FEA34867-B45B-436F-9FB7-813539B59624","visible":true,"isObject3D":true},{"_id":"5bba022fc8b49e43947f5b5e","metadata":{"generator":"BoneSerializer","type":"Object","version":"0.0.1"},"castShadow":false,"children":["5034611A-FDCC-46EF-A546-D29B7A0E0F72"],"frustumCulled":true,"layers":{"mask":1},"matrix":{"elements":[0.34679982003,-0.0005977912660000001,-0.937939027658,0,-0.115772081618,0.99232549931,-0.043438803154,0,0.93076678178599992,0.12365171712199999,0.344069096684,0,1E-06,2E-06,-47.0481,1]},"matrixAutoUpdate":true,"matrixWorld":{"elements":[0.0001072352017964795,-0.85077704039997615,0.52552743735166707,0,0.999997573911753,0.00077480440925931787,0.0010505977899192605,0,-0.0013014053746141247,0.52552797931127992,0.85077553889621393,0,-8.88572439741939,9.7221276814323687,1.6405400176044829,1]},"matrixWorldNeedsUpdate":false,"modelViewMatrix":{"elements":[1,0,0,0,0,1,0,0,0,0,1,0,0,0,0,1]},"name":"Fbx01_L_Foot","normalMatrix":{"elements":[1,0,0,0,1,0,0,0,1]},"parent":"FEA34867-B45B-436F-9FB7-813539B59624","position":{"x":1E-06,"y":2E-06,"z":-47.0481},"quaternion":{"x":-0.051003,"y":0.570407,"z":0.035156,"w":0.819023},"receiveShadow":false,"renderOrder":0,"rotation":{"x":-0.34500703041165881,"y":1.1965045241610357,"z":0.32219722236158166,"order":"XYZ"},"scale":{"x":1,"y":1,"z":1},"type":"Bone","up":{"x":0,"y":1,"z":0},"userData":{},"uuid":"4A028F0D-E8C1-48D6-9117-02B5492DFFA6","visible":true,"isObject3D":true},{"_id":"5bba022fc8b49e43947f5b5f","metadata":{"generator":"BoneSerializer","type":"Object","version":"0.0.1"},"castShadow":false,"children":[],"frustumCulled":true,"layers":{"mask":1},"matrix":{"elements":[0.849583442076,-0.00078383085799999994,-0.527453703246,0,0.000720206946,0.99999968751,-0.00032600913800000003,0,0.527453793958,-0.00010290378600000002,0.84958374111,0,0,0,-18.0055,1]},"matrixAutoUpdate":true,"matrixWorld":{"elements":[-6.2926202387320919E-06,-0.9999983725849706,-0.0022661229822777407,0,0.9999977629240927,-9.2582903828497087E-06,0.0011517253722451673,0,-0.0011519947691782586,-0.0022656307803772813,0.99999639772999349,0,-8.8622919429467757,0.25973364994311687,-13.678098947991298,1]},"matrixWorldNeedsUpdate":false,"modelViewMatrix":{"elements":[1,0,0,0,0,1,0,0,0,0,1,0,0,0,0,1]},"name":"Fbx01_L_Toe0","normalMatrix":{"elements":[1,0,0,0,1,0,0,0,1]},"parent":"4A028F0D-E8C1-48D6-9117-02B5492DFFA6","position":{"x":0,"y":0,"z":-18.0055},"quaternion":{"x":-5.8E-05,"y":0.274241,"z":-0.000391,"w":0.961661},"receiveShadow":false,"renderOrder":0,"rotation":{"x":0.00012112259276799602,"y":0.55560076316289542,"z":-0.000847717525803654,"order":"XYZ"},"scale":{"x":1,"y":1,"z":1},"type":"Bone","up":{"x":0,"y":1,"z":0},"userData":{},"uuid":"5034611A-FDCC-46EF-A546-D29B7A0E0F72","visible":true,"isObject3D":true},{"_id":"5bba022fc8b49e43947f5b60","metadata":{"generator":"BoneSerializer","type":"Object","version":"0.0.1"},"castShadow":false,"children":["69CEEF77-5E10-4D5B-AB33-590C368FED4F"],"frustumCulled":true,"layers":{"mask":1},"matrix":{"elements":[-0.99999600000999989,2.004158E-06,0.002079997916,0,1.995838E-06,0.99999999999,-4.0020759999999995E-06,0,-0.002079997924,-3.997916E-06,-0.9999960000039998,0,0.024283,3.6E-05,11.5892,1]},"matrixAutoUpdate":true,"matrixWorld":{"elements":[0.0017407573677141908,-6.9933693622047273E-06,0.99999749714138175,0,-0.99999824396955761,-2.7502854255435416E-06,0.0017409991246194606,0,2.9785931422810181E-06,-0.99999901267823543,-7.2390509961535107E-06,0,-0.0018510662035615142,120.54425583938483,0.010600347368750427,1]},"matrixWorldNeedsUpdate":false,"modelViewMatrix":{"elements":[1,0,0,0,0,1,0,0,0,0,1,0,0,0,0,1]},"name":"Fbx01_Spine1","normalMatrix":{"elements":[1,0,0,0,1,0,0,0,1]},"parent":"E135CCCD-DCD0-4E87-AB2D-8C041D0BA5EF","position":{"x":0.024283,"y":3.6E-05,"z":11.5892},"quaternion":{"x":1E-06,"y":0.999999,"z":-2E-06,"w":-0.00104},"receiveShadow":false,"renderOrder":0,"rotation":{"x":3.1415886556578014,"y":-0.0020799994238170959,"z":-3.14159065774381,"order":"XYZ"},"scale":{"x":1,"y":1,"z":1},"type":"Bone","up":{"x":0,"y":1,"z":0},"userData":{},"uuid":"2BE8BEF8-2CC8-499B-8397-F621383C8AE7","visible":true,"isObject3D":true},{"_id":"5bba022fc8b49e43947f5b61","metadata":{"generator":"BoneSerializer","type":"Object","version":"0.0.1"},"castShadow":false,"children":["9310828E-3B8B-4EDC-80EC-CCB04A1F79B6"],"frustumCulled":true,"layers":{"mask":1},"matrix":{"elements":[0.999999999998,-2E-06,0,0,2E-06,0.999999999998,0,0,0,0,1,0,0,0,-11.4685,1]},"matrixAutoUpdate":true,"matrixWorld":{"elements":[0.0017427573641986486,-6.99336386161989E-06,0.99999749365738355,0,-0.99999824048604291,-2.7502994122767652E-06,0.0017429991196102614,0,2.9785931422810181E-06,-0.99999901267823543,-7.2390509961535107E-06,0,-0.0018852261990137641,132.01274451628518,0.010683368425099813,1]},"matrixWorldNeedsUpdate":false,"modelViewMatrix":{"elements":[1,0,0,0,0,1,0,0,0,0,1,0,0,0,0,1]},"name":"Fbx01_Spine2","normalMatrix":{"elements":[1,0,0,0,1,0,0,0,1]},"parent":"2BE8BEF8-2CC8-499B-8397-F621383C8AE7","position":{"x":0,"y":0,"z":-11.4685},"quaternion":{"x":0,"y":0,"z":-1E-06,"w":1},"receiveShadow":false,"renderOrder":0,"rotation":{"x":0,"y":0,"z":-2.0000000000013336E-06,"order":"XYZ"},"scale":{"x":1,"y":1,"z":1},"type":"Bone","up":{"x":0,"y":1,"z":0},"userData":{},"uuid":"69CEEF77-5E10-4D5B-AB33-590C368FED4F","visible":true,"isObject3D":true},{"_id":"5bba022fc8b49e43947f5b62","metadata":{"generator":"BoneSerializer","type":"Object","version":"0.0.1"},"castShadow":false,"children":["84B98FBE-CD54-46A5-8BF0-28EB6956CA95"],"frustumCulled":true,"layers":{"mask":1},"matrix":{"elements":[0.999999922364,5.998818E-06,-0.00039400001799999996,0,-6.001182E-06,0.999999999964,-5.998818E-06,0,0.000393999982,6.001182E-06,0.999999922364,0,0,-1E-06,-11.5783,1]},"matrixAutoUpdate":true,"matrixWorld":{"elements":[0.0017367572478871902,0.00038700624917797823,0.99999742932969893,0,-0.99999825092651518,3.248554633507998E-06,0.0017369979960142809,0,-2.3359321596769164E-06,-0.99999893781420235,0.00038677040412185424,0,-0.0019187132457525503,143.59103308478035,0.010767182586249457,1]},"matrixWorldNeedsUpdate":false,"modelViewMatrix":{"elements":[1,0,0,0,0,1,0,0,0,0,1,0,0,0,0,1]},"name":"Fbx01_Spine3","normalMatrix":{"elements":[1,0,0,0,1,0,0,0,1]},"parent":"69CEEF77-5E10-4D5B-AB33-590C368FED4F","position":{"x":0,"y":-1E-06,"z":-11.5783},"quaternion":{"x":-3E-06,"y":0.000197,"z":3E-06,"w":1},"receiveShadow":false,"renderOrder":0,"rotation":{"x":-6.0011824658357594E-06,"y":0.00039399999219383,"z":6.0011824658357594E-06,"order":"XYZ"},"scale":{"x":1,"y":1,"z":1},"type":"Bone","up":{"x":0,"y":1,"z":0},"userData":{},"uuid":"9310828E-3B8B-4EDC-80EC-CCB04A1F79B6","visible":true,"isObject3D":true},{"_id":"5bba022fc8b49e43947f5b63","metadata":{"generator":"BoneSerializer","type":"Object","version":"0.0.1"},"castShadow":false,"children":["33FA1794-235D-4091-88DF-8660EDF0335B","67630DF7-1C61-41F0-9755-25533EB69E81","A932CDE1-1CE2-4B04-82F3-9083CA3B3F9D"],"frustumCulled":true,"layers":{"mask":1},"matrix":{"elements":[0.99999937043,-1.5991024E-05,-0.0011220001279999999,0,1.6008976E-05,0.999999999744,1.5991024E-05,0,0.001121999872,-1.6008976E-05,0.99999937043,0,0,0,-11.5582,1]},"matrixAutoUpdate":true,"matrixWorld":{"elements":[0.0017527497714236358,0.0015090048898101377,0.99999633802849774,0,-0.9999982229041644,-1.2736256808130108E-05,0.001753013115270625,0,1.5621658719904952E-05,-0.999997874075915,0.0015087393407718318,0,-0.0018917140746645726,155.14922080782446,0.0062968129013282418,1]},"matrixWorldNeedsUpdate":false,"modelViewMatrix":{"elements":[1,0,0,0,0,1,0,0,0,0,1,0,0,0,0,1]},"name":"Fbx01_Neck","normalMatrix":{"elements":[1,0,0,0,1,0,0,0,1]},"parent":"9310828E-3B8B-4EDC-80EC-CCB04A1F79B6","position":{"x":0,"y":0,"z":-11.5582},"quaternion":{"x":8E-06,"y":0.000561,"z":-8E-06,"w":1},"receiveShadow":false,"renderOrder":0,"rotation":{"x":1.6008986077409728E-05,"y":0.0011220001074113608,"z":-1.6008986077409728E-05,"order":"XYZ"},"scale":{"x":1,"y":1,"z":1},"type":"Bone","up":{"x":0,"y":1,"z":0},"userData":{},"uuid":"84B98FBE-CD54-46A5-8BF0-28EB6956CA95","visible":true,"isObject3D":true},{"_id":"5bba022fc8b49e43947f5b64","metadata":{"generator":"BoneSerializer","type":"Object","version":"0.0.1"},"castShadow":false,"children":["F284FD78-17C6-43EF-A0AB-E6A8544B479E","5C98F787-C19F-4A07-9148-0987786701C0","81E46978-F756-4B50-8898-4A9724FE6457"],"frustumCulled":true,"layers":{"mask":1},"matrix":{"elements":[0.70225073468,0.0011766307520000002,-0.711929110916,0,-0.001642727888,0.9999986502,3.2337315999999942E-05,0,0.711928188004,0.001146795836,0.70225171966399991,0,0.004777,-7.5E-05,-6.62916,1]},"matrixAutoUpdate":true,"matrixWorld":{"elements":[4.3119640074564543E-05,0.71298728221538965,0.70117611024948245,0,-0.99999975189233092,-4.7552371285671161E-05,0.000110337665257058,0,0.00011200850746021612,-0.70117593821914992,0.71298710608798677,0,-0.0019118997974083146,161.77837392420514,0.0010719894438357335,1]},"matrixWorldNeedsUpdate":false,"modelViewMatrix":{"elements":[1,0,0,0,0,1,0,0,0,0,1,0,0,0,0,1]},"name":"Fbx01_Head","normalMatrix":{"elements":[1,0,0,0,1,0,0,0,1]},"parent":"84B98FBE-CD54-46A5-8BF0-28EB6956CA95","position":{"x":0.004777,"y":-7.5E-05,"z":-6.62916},"quaternion":{"x":-0.000302,"y":0.385842,"z":0.000764,"w":0.922565},"receiveShadow":false,"renderOrder":0,"rotation":{"x":-0.0016330252877619585,"y":0.79224012179574621,"z":0.0023392284415586,"order":"XYZ"},"scale":{"x":1,"y":1,"z":1},"type":"Bone","up":{"x":0,"y":1,"z":0},"userData":{},"uuid":"33FA1794-235D-4091-88DF-8660EDF0335B","visible":true,"isObject3D":true},{"_id":"5bba022fc8b49e43947f5b65","metadata":{"generator":"BoneSerializer","type":"Object","version":"0.0.1"},"castShadow":false,"children":[],"frustumCulled":true,"layers":{"mask":1},"matrix":{"elements":[-0.70117762562,-0.00012216203999992903,-0.71298860886,0,0.712988617572,-5.0837443999807164E-05,-0.70117679268,0,5.0004504000056293E-05,-1.000000824228,0.00012132909999995611,0,1.70182,-3.31862,-16.4373,1]},"matrixAutoUpdate":true,"matrixWorld":{"elements":[1.206669293097344E-05,-2.67074971971315E-07,-1.0000006985100647,0,3.0434779397852329E-06,1.0000001145755024,5.676430364642826E-07,0,1.0000005918661941,-1.8680596405585268E-06,1.1230291302491649E-05,0,3.314939541253715,174.51734699836496,-10.525601610294132,1]},"matrixWorldNeedsUpdate":false,"modelViewMatrix":{"elements":[1,0,0,0,0,1,0,0,0,0,1,0,0,0,0,1]},"name":"Fbx01_R_Eye","normalMatrix":{"elements":[1,0,0,0,1,0,0,0,1]},"parent":"33FA1794-235D-4091-88DF-8660EDF0335B","position":{"x":1.70182,"y":-3.31862,"z":-16.4373},"quaternion":{"x":0.273291,"y":0.652113,"z":-0.652179,"w":0.273357},"receiveShadow":false,"renderOrder":0,"rotation":{"x":1.5706749977954948,"y":5.0004504020895256E-05,"z":-2.34784277242413,"order":"XYZ"},"scale":{"x":1,"y":1,"z":1},"type":"Bone","up":{"x":0,"y":1,"z":0},"userData":{},"uuid":"F284FD78-17C6-43EF-A0AB-E6A8544B479E","visible":true,"isObject3D":true},{"_id":"5bba022fc8b49e43947f5b66","metadata":{"generator":"BoneSerializer","type":"Object","version":"0.0.1"},"castShadow":false,"children":[],"frustumCulled":true,"layers":{"mask":1},"matrix":{"elements":[-0.70117762562,-0.00012346626600001631,-0.712987304502,0,0.712987313346,-4.97442819997751E-05,-0.701177339394,0,5.1308862000110089E-05,-1.000000277514,0.00012242226199998818,0,1.70158,3.31857,-16.4381,1]},"matrixAutoUpdate":true,"matrixWorld":{"elements":[1.3371064706665052E-05,-1.1815973974815819E-06,-0.99999976866353424,0,1.9501987366002084E-06,0.99999956796967071,-7.3652849286176547E-07,0,1.0000000453310165,-1.7045938636093936E-06,1.2924346705376729E-05,0,-3.3222489119640648,174.51742120804462,-10.525607950196994,1]},"matrixWorldNeedsUpdate":false,"modelViewMatrix":{"elements":[1,0,0,0,0,1,0,0,0,0,1,0,0,0,0,1]},"name":"Fbx01_L_Eye","normalMatrix":{"elements":[1,0,0,0,1,0,0,0,1]},"parent":"33FA1794-235D-4091-88DF-8660EDF0335B","position":{"x":1.70158,"y":3.31857,"z":-16.4381},"quaternion":{"x":0.27329,"y":0.652113,"z":-0.652179,"w":0.273357},"receiveShadow":false,"renderOrder":0,"rotation":{"x":1.570673904567482,"y":5.13088620226227E-05,"z":-2.3478436869164812,"order":"XYZ"},"scale":{"x":1,"y":1,"z":1},"type":"Bone","up":{"x":0,"y":1,"z":0},"userData":{},"uuid":"5C98F787-C19F-4A07-9148-0987786701C0","visible":true,"isObject3D":true},{"_id":"5bba022fc8b49e43947f5b67","metadata":{"generator":"BoneSerializer","type":"Object","version":"0.0.1"},"castShadow":false,"children":[],"frustumCulled":true,"layers":{"mask":1},"matrix":{"elements":[0.43580456219999997,0.31184544081599996,-0.84429052438800012,0,-0.143119900896,0.950132825048,0.27706367659599995,0,0.888589197828,8.92392759999916E-05,0.45870352875199993,0,2.43932,0.000948,-8.12292,1]},"matrixAutoUpdate":true,"matrixWorld":{"elements":[-0.31192113943038913,0.90270448195715436,-0.29635810163067366,0,-0.95010772710248659,-0.29635823362328972,0.097295409006331074,0,4.5509014769239272E-07,0.3119209157846814,0.95010722870643427,0,-0.0036645531071942961,169.21317406845824,-4.08007222048652,1]},"matrixWorldNeedsUpdate":false,"modelViewMatrix":{"elements":[1,0,0,0,0,1,0,0,0,0,1,0,0,0,0,1]},"name":"Jaw","normalMatrix":{"elements":[1,0,0,0,1,0,0,0,1]},"parent":"33FA1794-235D-4091-88DF-8660EDF0335B","position":{"x":2.43932,"y":0.000948,"z":-8.12292},"quaternion":{"x":0.08211,"y":0.513718,"z":0.134876,"w":0.843303},"receiveShadow":false,"renderOrder":0,"rotation":{"x":-0.00019454673722901227,"y":1.0942603198964367,"z":0.31730748795645669,"order":"XYZ"},"scale":{"x":1,"y":1,"z":1},"type":"Bone","up":{"x":0,"y":1,"z":0},"userData":{},"uuid":"81E46978-F756-4B50-8898-4A9724FE6457","visible":true,"isObject3D":true},{"_id":"5bba022fc8b49e43947f5b68","metadata":{"generator":"BoneSerializer","type":"Object","version":"0.0.1"},"castShadow":false,"children":["F8DD9633-D30A-4F28-A5A3-7906A335FE12"],"frustumCulled":true,"layers":{"mask":1},"matrix":{"elements":[-0.98139126061000015,-0.19201342763,-0.0015619374100000194,0,-0.0015911291500000091,-2.2655220000000753E-06,0.99999883570600012,0,-0.19201318795000002,0.98139240200600009,-0.00030349598799994659,0,-0.002354,-3.10925,-2.46575,1]},"matrixAutoUpdate":true,"matrixWorld":{"elements":[0.19029292869597289,8.3455410687139969E-05,-0.981726625396533,0,1.5098307251683799E-05,-0.99999911077720371,-8.2389710664514419E-05,0,-0.98172721379004979,1.2472376044368955E-06,-0.19029254894757111,0,3.1073101154121581,157.61500161383611,-0.0052279085365541777,1]},"matrixWorldNeedsUpdate":false,"modelViewMatrix":{"elements":[1,0,0,0,0,1,0,0,0,0,1,0,0,0,0,1]},"name":"Fbx01_R_Clavicle","normalMatrix":{"elements":[1,0,0,0,1,0,0,0,1]},"parent":"84B98FBE-CD54-46A5-8BF0-28EB6956CA95","position":{"x":-0.002354,"y":-3.10925,"z":-2.46575},"quaternion":{"x":0.068765,"y":-0.70