{"Code":200,"Msg":"获取成功！","Data":[{"_id":"5bb8691ac8b49a2588892ad6","metadata":{"generator":"OptionsSerializer","type":"Object","version":"0.0.1"},"server":"http://localhost:2000","theme":"assets/css/light.css","showGrid":true,"showCameraHelper":true,"showPointLightHelper":false,"showDirectionalLightHelper":true,"showSpotLightHelper":true,"showHemisphereLightHelper":true,"showRectAreaLightHelper":true,"showSkeletonHelper":false},{"_id":"5bb8691ac8b49a2588892ad7","metadata":{"generator":"PerspectiveCameraSerializer","type":"Object","version":"0.0.1"},"castShadow":false,"children":["2D03E2AC-DA07-4D6B-BBEE-2A7F175237FF","4252C089-86AF-46FB-8989-C8F8B7A1ECDB"],"frustumCulled":true,"layers":{"mask":1},"matrix":{"elements":[0.75154312671319612,-2.7755575615628914E-17,-0.65968396121942574,0,-0.14385758522839695,0.97593302754008582,-0.1638893557516673,0,0.64380736549251083,0.21807046053154944,0.73345575898015181,0,6.2141802568059754,2.1048674231787823,7.0794876557654467,1]},"matrixAutoUpdate":true,"matrixWorld":{"elements":[0.75154312671319612,-2.7755575615628914E-17,-0.65968396121942574,0,-0.14385758522839695,0.97593302754008582,-0.1638893557516673,0,0.64380736549251083,0.21807046053154944,0.73345575898015181,0,6.2141802568059754,2.1048674231787823,7.0794876557654467,1]},"matrixWorldNeedsUpdate":false,"modelViewMatrix":{"elements":[1,0,0,0,0,1,0,0,0,0,1,0,0,0,0,1]},"name":"默认相机","normalMatrix":{"elements":[1,0,0,0,1,0,0,0,1]},"parent":null,"position":{"x":6.2141802568059754,"y":2.1048674231787823,"z":7.0794876557654467},"quaternion":{"x":-0.102657610766273,"y":0.35033346323422271,"z":0.038663951967142104,"w":0.93017900336889914},"receiveShadow":false,"renderOrder":0,"rotation":{"x":-0.28899551014352476,"y":0.69946364216372092,"z":0.18912851885309259,"order":"XYZ"},"scale":{"x":1,"y":1,"z":1},"type":"PerspectiveCamera","up":{"x":0,"y":1,"z":0},"userData":{"isDefault":true},"uuid":"2451664A-5ADA-453B-A403-219BD0367EB1","visible":true,"isObject3D":true,"matrixWorldInverse":{"elements":[0.75154312671319612,-0.14385758522839695,0.64380736549251072,0,-4.163336342344337E-17,0.97593302754008582,0.21807046053154944,0,-0.65968396121942574,-0.16388935575166733,0.73345575898015181,0,1.915134717478395E-15,-2.2204460492503131E-16,-9.6522354199103439,1]},"projectionMatrix":{"elements":[0.99587786462210648,0,0,0,0,2.1445069205095586,0,0,0,0,-1.0000200002000021,-1,0,0,-0.20000200002000021,0]},"aspect":2.1533834586466165,"far":10000,"filmGauge":35,"filmOffset":0,"focus":10,"fov":50,"near":0.1,"view":null,"zoom":1},{"_id":"5bb8691ac8b49a2588892ad8","metadata":{"generator":"WebGLRendererSerializer","type":"Object","version":"0.0.1"},"antialias":true,"autoClear":false,"autoClearColor":true,"autoClearDepth":true,"autoClearStencil":true,"autoUpdateScene":false,"clippingPlanes":[],"gammaFactor":2,"gammaInput":false,"gammaOutput":false,"localClippingEnabled":false,"physicallyCorrectLights":false,"shadowMap":{"metadata":{"generator":"WebGLShadowMapSerializer","type":"Object","version":"0.0.1"},"autoUpdate":true,"enabled":true,"needsUpdate":false,"type":2},"sortObjects":true,"toneMapping":1,"toneMappingExposure":1,"toneMappingWhitePoint":1},{"_id":"5bb8691ac8b49a2588892ad9","metadata":{"generator":"AnimationSerializer","type":"Object","version":"0.0.1"},"id":"5bb86906c8b49a2588892acb","uuid":"DF783754-9066-4982-AB45-2056D0540DBB","name":"组1","type":"AnimationGroup","index":1,"animations":[]},{"_id":"5bb8691ac8b49a2588892ada","metadata":{"generator":"AnimationSerializer","type":"Object","version":"0.0.1"},"id":"5bb86906c8b49a2588892acc","uuid":"E6BC9275-849E-4874-894C-60A36AB32B4B","name":"组2","type":"AnimationGroup","index":1,"animations":[]},{"_id":"5bb8691ac8b49a2588892adb","metadata":{"generator":"AnimationSerializer","type":"Object","version":"0.0.1"},"id":"5bb86906c8b49a2588892acd","uuid":"152D882C-2382-4A14-84F8-488AFA54A32B","name":"组3","type":"AnimationGroup","index":2,"animations":[]},{"_id":"5bb8691ac8b49a2588892adc","metadata":{"generator":"AudioListenerSerializer","type":"Object","version":"0.0.1"},"castShadow":false,"children":[],"frustumCulled":true,"layers":{"mask":1},"matrix":{"elements":[1,0,0,0,0,1,0,0,0,0,1,0,0,0,0,1]},"matrixAutoUpdate":true,"matrixWorld":{"elements":[0.75154312671319612,-2.7755575615628914E-17,-0.65968396121942574,0,-0.14385758522839695,0.97593302754008582,-0.1638893557516673,0,0.64380736549251083,0.21807046053154944,0.73345575898015181,0,6.2141802568059754,2.1048674231787823,7.0794876557654467,1]},"matrixWorldNeedsUpdate":false,"modelViewMatrix":{"elements":[1,0,0,0,0,1,0,0,0,0,1,0,0,0,0,1]},"name":"音频监听器","normalMatrix":{"elements":[1,0,0,0,1,0,0,0,1]},"parent":"2451664A-5ADA-453B-A403-219BD0367EB1","position":{"x":0,"y":0,"z":0},"quaternion":{"x":0,"y":0,"z":0,"w":1},"receiveShadow":false,"renderOrder":0,"rotation":{"x":0,"y":0,"z":0,"order":"XYZ"},"scale":{"x":1,"y":1,"z":1},"type":"AudioListener","up":{"x":0,"y":1,"z":0},"userData":{},"uuid":"2D03E2AC-DA07-4D6B-BBEE-2A7F175237FF","visible":true,"isObject3D":true,"masterVolume":1},{"_id":"5bb8691ac8b49a2588892add","metadata":{"generator":"SceneSerializer","type":"Object","version":"0.0.1"},"castShadow":false,"children":["93ED655E-4CF8-4BC5-8EB2-EB69D0F1D9B9","83C0858C-2EB5-453A-8DF9-9C3524F0F009","CEF22FDC-3C4E-4F71-AA0A-A864E4121663","B9872526-8D86-4440-8305-097A8B0E5F00"],"frustumCulled":true,"layers":{"mask":1},"matrix":{"elements":[1,0,0,0,0,1,0,0,0,0,1,0,0,0,0,1]},"matrixAutoUpdate":true,"matrixWorld":{"elements":[1,0,0,0,0,1,0,0,0,0,1,0,0,0,0,1]},"matrixWorldNeedsUpdate":false,"modelViewMatrix":{"elements":[1,0,0,0,0,1,0,0,0,0,1,0,0,0,0,1]},"name":"场景","normalMatrix":{"elements":[1,0,0,0,1,0,0,0,1]},"parent":null,"position":{"x":0,"y":0,"z":0},"quaternion":{"x":0,"y":0,"z":0,"w":1},"receiveShadow":false,"renderOrder":0,"rotation":{"x":0,"y":0,"z":0,"order":"XYZ"},"scale":{"x":1,"y":1,"z":1},"type":"Scene","up":{"x":0,"y":1,"z":0},"userData":{},"uuid":"524C39C2-EF5D-41EC-9A25-25FB601477DD","visible":true,"isObject3D":true,"background":8388863,"fog":{"type":"Fog","color":16711935,"near":0.1,"far":50},"overrideMaterial":null},{"_id":"5bb8691ac8b49a2588892ade","metadata":{"generator":"AmbientLightSerializer","type":"Object","version":"0.0.1"},"children":[],"frustumCulled":true,"layers":{"mask":1},"matrix":{"elements":[1,0,0,0,0,1,0,0,0,0,1,0,0,0,0,1]},"matrixAutoUpdate":true,"matrixWorld":{"elements":[1,0,0,0,0,1,0,0,0,0,1,0,0,0,0,1]},"matrixWorldNeedsUpdate":false,"modelViewMatrix":{"elements":[1,0,0,0,0,1,0,0,0,0,1,0,0,0,0,1]},"name":"环境光","normalMatrix":{"elements":[1,0,0,0,1,0,0,0,1]},"parent":"524C39C2-EF5D-41EC-9A25-25FB601477DD","position":{"x":0,"y":0,"z":0},"quaternion":{"x":0,"y":0,"z":0,"w":1},"renderOrder":0,"rotation":{"x":0,"y":0,"z":0,"order":"XYZ"},"scale":{"x":1,"y":1,"z":1},"type":"AmbientLight","up":{"x":0,"y":1,"z":0},"userData":{},"uuid":"93ED655E-4CF8-4BC5-8EB2-EB69D0F1D9B9","visible":true,"isObject3D":true,"color":16777215,"intensity":0.24,"isLight":true,"shadow":null,"isAmbientLight":true},{"_id":"5bb8691ac8b49a2588892adf","metadata":{"generator":"DirectionalLightSerializer","type":"Object","version":"0.0.1"},"castShadow":true,"children":[],"frustumCulled":true,"layers":{"mask":1},"matrix":{"elements":[1,0,0,0,0,1,0,0,0,0,1,0,5,10,7.5,1]},"matrixAutoUpdate":true,"matrixWorld":{"elements":[1,0,0,0,0,1,0,0,0,0,1,0,5,10,7.5,1]},"matrixWorldNeedsUpdate":false,"modelViewMatrix":{"elements":[1,0,0,0,0,1,0,0,0,0,1,0,0,0,0,1]},"name":"平行光","normalMatrix":{"elements":[1,0,0,0,1,0,0,0,1]},"parent":"524C39C2-EF5D-41EC-9A25-25FB601477DD","position":{"x":5,"y":10,"z":7.5},"quaternion":{"x":0,"y":0,"z":0,"w":1},"renderOrder":0,"rotation":{"x":0,"y":0,"z":0,"order":"XYZ"},"scale":{"x":1,"y":1,"z":1},"type":"DirectionalLight","up":{"x":0,"y":1,"z":0},"userData":{},"uuid":"83C0858C-2EB5-453A-8DF9-9C3524F0F009","visible":true,"isObject3D":true,"color":16777215,"intensity":0.56,"isLight":true,"shadow":{"metadata":{"generator":"DirectionalLightShadowSerializer","type":"Object","version":"0.0.1"},"bias":0,"camera":{"metadata":{"generator":"OrthographicCameraSerializer","type":"Object","version":"0.0.1"},"castShadow":false,"children":[],"frustumCulled":true,"layers":{"mask":1},"matrix":{"elements":[0.83205029433784372,2.7755575615628914E-17,-0.554700196225229,0,-0.41202096209968375,0.66953406341198618,-0.61803144314952574,0,0.37139067635410372,0.74278135270820744,0.55708601453115558,0,5,10,7.5,1]},"matrixAutoUpdate":true,"matrixWorld":{"elements":[0.83205029433784372,2.7755575615628914E-17,-0.554700196225229,0,-0.41202096209968375,0.66953406341198618,-0.61803144314952574,0,0.37139067635410372,0.74278135270820744,0.55708601453115558,0,5,10,7.5,1]},"matrixWorldNeedsUpdate":false,"modelViewMatrix":{"elements":[1,0,0,0,0,1,0,0,0,0,1,0,0,0,0,1]},"name":"","normalMatrix":{"elements":[1,0,0,0,1,0,0,0,1]},"parent":null,"position":{"x":5,"y":10,"z":7.5},"quaternion":{"x":-0.38904698186552672,"y":0.26476298577359092,"z":0.1177939480420426,"w":0.87445273918619892},"receiveShadow":false,"renderOrder":0,"rotation":{"x":-0.92729521800161219,"y":0.3805063771123649,"z":0.45979025757734426,"order":"XYZ"},"scale":{"x":1,"y":1,"z":1},"type":"OrthographicCamera","up":{"x":0,"y":1,"z":0},"userData":{},"uuid":"79A532F4-F68D-4ABD-854C-E7064D50AD11","visible":true,"isObject3D":true,"matrixWorldInverse":{"elements":[0.83205029433784372,-0.41202096209968375,0.37139067635410367,0,-5.5511151231257827E-17,0.66953406341198618,0.74278135270820744,0,-0.55470019622522915,-0.61803144314952574,0.55708601453115558,0,0,0,-13.46291201783626,1]},"projectionMatrix":{"elements":[0.01,0,0,0,0,0.01,0,0,0,0,-0.004004004004004004,0,0,0,-1.002002002002002,1]},"bottom":-100,"far":500,"left":-100,"near":0.5,"right":100,"top":100,"view":null,"zoom":1},"map":{"metadata":{"generator":"WebGLRenderTargetSerializer","type":"Object","version":"0.0.1"},"depthBuffer":true,"depthTexture":null,"height":2048,"scissor":{"x":0,"y":0,"z":2048,"w":2048},"scissorTest":false,"stencilBuffer":true,"texture":{"metadata":{"generator":"TextureSerializer","type":"Object","version":"0.0.1"},"anisotropy":1,"center":{"x":0,"y":0},"encoding":3000,"flipY":true,"format":1023,"generateMipmaps":true,"image":null,"magFilter":1003,"mapping":300,"matrix":{"elements":[1,0,0,0,1,0,0,0,1]},"matrixAutoUpdate":true,"minFilter":1003,"mipmaps":[],"name":"平行光.shadowMap","offset":{"x":0,"y":0},"premultiplyAlpha":false,"repeat":{"x":1,"y":1},"rotation":0,"type":1009,"unpackAlignment":4,"uuid":"593B2AB4-ABD0-4CF0-833C-3037A93316D8","version":0,"wrapS":1001,"wrapT":1001,"isTexture":true},"viewport":{"x":0,"y":0,"z":2048,"w":2048},"width":2048,"isWebGLRenderTarget":true},"mapSize":{"x":2048,"y":2048},"matrix":{"elements":[0.0041602514716892183,-0.0020601048104984189,-0.00074352487758579317,0,-2.7755575615628914E-19,0.0033476703170599309,-0.0014870497551715866,0,-0.002773500981126146,-0.0030901572157476286,-0.00111528731637869,0,0.5,0.5,0.025951775811484026,1]},"radius":1},"isDirectionalLight":true},{"_id":"5bb8691ac8b49a2588892ae0","metadata":{"generator":"MeshSerializer","type":"Object","version":"0.0.1"},"castShadow":true,"children":[],"frustumCulled":true,"layers":{"mask":1},"matrix":{"elements":[1,0,0,0,0,2.2204460492503131E-16,-1,0,0,1,2.2204460492503131E-16,0,0,0,0,1]},"matrixAutoUpdate":true,"matrixWorld":{"elements":[1,0,0,0,0,2.2204460492503131E-16,-1,0,0,1,2.2204460492503131E-16,0,0,0,0,1]},"matrixWorldNeedsUpdate":false,"modelViewMatrix":{"elements":[0.75154312671319612,-0.14385758522839695,0.64380736549251072,0,0.65968396121942574,0.16388935575166755,-0.73345575898015181,0,-1.8811262796779043E-16,0.97593302754008582,0.2180704605315496,0,1.915134717478395E-15,-2.2204460492503131E-16,-9.6522354199103439,1]},"name":"平板","normalMatrix":{"elements":[0.75154312671319623,-0.14385758522839695,0.64380736549251072,0.65968396121942574,0.16388935575166752,-0.73345575898015181,-1.8041124150158794E-16,0.97593302754008571,0.2180704605315496]},"parent":"524C39C2-EF5D-41EC-9A25-25FB601477DD","position":{"x":0,"y":0,"z":0},"quaternion":{"x":-0.70710678118654746,"y":0,"z":0,"w":0.70710678118654757},"receiveShadow":true,"renderOrder":0,"rotation":{"x":-1.5707963267948966,"y":0,"z":0,"order":"XYZ"},"scale":{"x":1,"y":1,"z":1},"type":"Mesh","up":{"x":0,"y":1,"z":0},"userData":{"physics":{"shape":"btStaticPlaneShape","mass":0,"inertia":{"x":0,"y":0,"z":0}}},"uuid":"CEF22FDC-3C4E-4F71-AA0A-A864E4121663","visible":true,"isObject3D":true,"drawMode":0,"geometry":{"metadata":{"generator":"PlaneBufferGeometrySerializer","type":"Object","version":"0.0.1"},"boundingBox":null,"boundingSphere":{"center":{"x":0,"y":0,"z":0},"radius":35.355339059327378},"drawRange":{"start":0,"count":null},"groups":[],"morphAttributes":{},"name":"","parameters":{"width":50,"height":50},"type":"PlaneBufferGeometry","userData":{},"uuid":"EEA3CF26-6D61-45F6-A1B0-5781E628AC1A"},"material":{"metadata":{"generator":"MeshStandardMaterialSerializer","type":"Object","version":"0.0.1"},"alphaMap":null,"alphaTest":0,"aoMap":null,"aoMapIntensity":1,"blendDst":205,"blendDstAlpha":null,"blendEquation":100,"blendEquationAlpha":null,"blendSrc":204,"blendSrcAlpha":null,"blending":1,"bumpMap":null,"bumpScale":1,"clipIntersection":false,"clippingPlanes":null,"color":16777215,"colorWrite":true,"depthFunc":3,"depthTest":true,"depthWrite":true,"displacementBias":0,"displacementMap":null,"displacementScale":1,"dithering":false,"emissive":0,"emissiveIntensity":1,"emissiveMap":null,"envMap":null,"envMapIntensity":1,"flatShading":false,"fog":true,"lightMap":null,"lightMapIntensity":1,"lights":true,"map":null,"metalness":0.5,"metalnessMap":null,"morphNormals":false,"morphTargets":false,"name":"","normalMap":null,"normalScale":{"x":1,"y":1},"opacity":1,"overdraw":0,"polygonOffset":false,"polygonOffsetFactor":0,"polygonOffsetUnits":0,"precision":null,"premultipliedAlpha":false,"refractionRatio":0.98,"roughness":0.5,"roughnessMap":null,"shadowSide":null,"side":0,"skinning":false,"transparent":false,"type":"MeshStandardMaterial","userData":{},"uuid":"19026969-D50A-41E1-9AAB-8D49B4F5E782","vertexColors":0,"visible":true,"wireframe":false,"wireframeLinecap":"round","wireframeLinejoin":"round","wireframeLinewidth":1}},{"_id":"5bb8691ac8b49a2588892ae1","metadata":{"generator":"MeshSerializer","type":"Object","version":"0.0.1"},"castShadow":true,"children":[],"frustumCulled":true,"layers":{"mask":1},"matrix":{"elements":[1,0,0,0,0,1,0,0,0,0,1,0,0,0.54530791019483882,0,1]},"matrixAutoUpdate":true,"matrixWorld":{"elements":[1,0,0,0,0,1,0,0,0,0,1,0,0,0.54530791019483882,0,1]},"matrixWorldNeedsUpdate":false,"modelViewMatrix":{"elements":[0.75154312671319612,-0.14385758522839695,0.64380736549251072,0,-4.163336342344337E-17,0.97593302754008582,0.21807046053154944,0,-0.65968396121942574,-0.16388935575166733,0.73345575898015181,0,1.8924317150755748E-15,0.532183999738006,-9.53331987280266,1]},"name":"正方体","normalMatrix":{"elements":[0.75154312671319634,-0.14385758522839698,0.64380736549251083,-4.1633363423443383E-17,0.97593302754008593,0.21807046053154949,-0.65968396121942574,-0.16388935575166735,0.73345575898015192]},"parent":"524C39C2-EF5D-41EC-9A25-25FB601477DD","position":{"x":0,"y":0.54530791019483882,"z":0},"quaternion":{"x":0,"y":0,"z":0,"w":1},"receiveShadow":true,"renderOrder":0,"rotation":{"x":0,"y":0,"z":0,"order":"XYZ"},"scale":{"x":1,"y":1,"z":1},"type":"Mesh","up":{"x":0,"y":1,"z":0},"userData":{"physics":{"shape":"btBoxShape","mass":1,"inertia":{"x":0,"y":0,"z":0}}},"uuid":"B9872526-8D86-4440-8305-097A8B0E5F00","visible":true,"isObject3D":true,"drawMode":0,"geometry":{"metadata":{"generator":"BoxBufferGeometrySerializer","type":"Object","version":"0.0.1"},"boundingBox":null,"boundingSphere":{"center":{"x":0,"y":0,"z":0},"radius":0.8660254037844386},"drawRange":{"start":0,"count":null},"groups":[{"start":0,"count":6,"materialIndex":0},{"start":6,"count":6,"materialIndex":1},{"start":12,"count":6,"materialIndex":2},{"start":18,"count":6,"materialIndex":3},{"start":24,"count":6,"materialIndex":4},{"start":30,"count":6,"materialIndex":5}],"morphAttributes":{},"name":"","parameters":{"width":1,"height":1,"depth":1},"type":"BoxBufferGeometry","userData":{},"uuid":"7721677D-072B-4BA2-A094-27B2A9E8CFE2"},"material":{"metadata":{"generator":"MeshStandardMaterialSerializer","type":"Object","version":"0.0.1"},"alphaMap":null,"alphaTest":0,"aoMap":null,"aoMapIntensity":1,"blendDst":205,"blendDstAlpha":null,"blendEquation":100,"blendEquationAlpha":null,"blendSrc":204,"blendSrcAlpha":null,"blending":1,"bumpMap":null,"bumpScale":1,"clipIntersection":false,"clippingPlanes":null,"color":16777215,"colorWrite":true,"depthFunc":3,"depthTest":true,"depthWrite":true,"displacementBias":0,"displacementMap":null,"displacementScale":1,"dithering":false,"emissive":0,"emissiveIntensity":1,"emissiveMap":null,"envMap":null,"envMapIntensity":1,"flatShading":false,"fog":true,"lightMap":null,"lightMapIntensity":1,"lights":true,"map":null,"metalness":0.5,"metalnessMap":null,"morphNormals":false,"morphTargets":false,"name":"","normalMap":null,"normalScale":{"x":1,"y":1},"opacity":1,"overdraw":0,"polygonOffset":false,"polygonOffsetFactor":0,"polygonOffsetUnits":0,"precision":null,"premultipliedAlpha":false,"refractionRatio":0.98,"roughness":0.5,"roughnessMap":null,"shadowSide":null,"side":0,"skinning":false,"transparent":false,"type":"MeshStandardMaterial","userData":{},"uuid":"81185B76-789A-4554-93FA-63BC6F6CA13E","vertexColors":0,"visible":true,"wireframe":false,"wireframeLinecap":"round","wireframeLinejoin":"round","wireframeLinewidth":1}}]}