{"Code":200,"Msg":"获取成功！","Data":[{"_id":"5bba00a3c8b49e43947f5b25","metadata":{"generator":"OptionsSerializer","type":"Object","version":"0.0.1"},"server":"http://localhost:2000","theme":"assets/css/light.css","showGrid":true,"showCameraHelper":true,"showPointLightHelper":false,"showDirectionalLightHelper":true,"showSpotLightHelper":true,"showHemisphereLightHelper":true,"showRectAreaLightHelper":true,"showSkeletonHelper":false},{"_id":"5bba00a3c8b49e43947f5b26","metadata":{"generator":"PerspectiveCameraSerializer","type":"Object","version":"0.0.1"},"castShadow":false,"children":["3BEBD6A0-2864-402D-A1E2-729CAA24B7BF"],"frustumCulled":true,"layers":{"mask":1},"matrix":{"elements":[0.70710678118654768,1.3877787807814457E-17,-0.70710678118654746,0,-0.23570226039551578,0.94280904158206336,-0.23570226039551584,0,0.66666666666666652,0.33333333333333331,0.66666666666666674,0,7.7703255923954018,5.1672378213286372,7.0799775019402764,1]},"matrixAutoUpdate":true,"matrixWorld":{"elements":[0.70710678118654768,1.3877787807814457E-17,-0.70710678118654746,0,-0.23570226039551578,0.94280904158206336,-0.23570226039551584,0,0.66666666666666652,0.33333333333333331,0.66666666666666674,0,7.7703255923954018,5.1672378213286372,7.0799775019402764,1]},"matrixWorldNeedsUpdate":false,"modelViewMatrix":{"elements":[1,0,0,0,0,1,0,0,0,0,1,0,0,0,0,1]},"name":"默认相机","normalMatrix":{"elements":[1,0,0,0,1,0,0,0,1]},"parent":null,"position":{"x":7.7703255923954018,"y":5.1672378213286372,"z":7.0799775019402764},"quaternion":{"x":-0.15622985705189124,"y":0.3771722397422857,"z":0.064712525638503271,"w":0.9105743365364628},"receiveShadow":false,"renderOrder":0,"rotation":{"x":-0.46364760900080609,"y":0.72972765622696611,"z":0.32175055439664207,"order":"XYZ"},"scale":{"x":1,"y":1,"z":1},"type":"PerspectiveCamera","up":{"x":0,"y":1,"z":0},"userData":{"isDefault":true},"uuid":"C19B56DA-1F7A-4B34-963F-24C4288E3C7D","visible":true,"isObject3D":true,"matrixWorldInverse":{"elements":[0.70710678118654757,-0.23570226039551581,0.66666666666666663,0,2.7755575615628914E-17,0.94280904158206336,0.33333333333333331,0,-0.70710678118654735,-0.23570226039551589,0.66666666666666685,0,-0.48814981614000519,-1.371468531059999,-11.622614669999997,1]},"projectionMatrix":{"elements":[0.99587786462210648,0,0,0,0,2.1445069205095586,0,0,0,0,-1.0000200002000021,-1,0,0,-0.20000200002000021,0]},"aspect":2.1533834586466165,"far":10000,"filmGauge":35,"filmOffset":0,"focus":10,"fov":50,"near":0.1,"view":null,"zoom":1},{"_id":"5bba00a3c8b49e43947f5b27","metadata":{"generator":"WebGLRendererSerializer","type":"Object","version":"0.0.1"},"antialias":true,"autoClear":false,"autoClearColor":true,"autoClearDepth":true,"autoClearStencil":true,"autoUpdateScene":false,"clippingPlanes":[],"gammaFactor":2,"gammaInput":false,"gammaOutput":false,"localClippingEnabled":false,"physicallyCorrectLights":false,"shadowMap":{"metadata":{"generator":"WebGLShadowMapSerializer","type":"Object","version":"0.0.1"},"autoUpdate":true,"enabled":true,"needsUpdate":false,"type":2},"sortObjects":true,"toneMapping":1,"toneMappingExposure":1,"toneMappingWhitePoint":1},{"_id":"5bba00a3c8b49e43947f5b28","metadata":{"generator":"ScriptSerializer","type":"Object","version":"0.0.1"},"id":null,"name":"火焰动画","type":"javascript","source":"var mesh = this.getObjectByName('火焰');\n\nfunction update(clock, deltaTime) {\n    var elapsed = clock.getElapsedTime();\n    mesh.userData.fire.update(elapsed);\n}","uuid":"C83A68D1-ADDD-42D8-AA8F-861DA6CA7A30"},{"_id":"5bba00a3c8b49e43947f5b29","metadata":{"generator":"AnimationSerializer","type":"Object","version":"0.0.1"},"id":null,"uuid":"159570ED-4F42-4DD8-95B7-61726A9739CC","name":"组1","type":"AnimationGroup","index":1,"animations":[]},{"_id":"5bba00a3c8b49e43947f5b2a","metadata":{"generator":"AnimationSerializer","type":"Object","version":"0.0.1"},"id":null,"uuid":"BACA3834-1515-43E0-9BEE-67A0D69FE713","name":"组2","type":"AnimationGroup","index":1,"animations":[]},{"_id":"5bba00a3c8b49e43947f5b2b","metadata":{"generator":"AnimationSerializer","type":"Object","version":"0.0.1"},"id":null,"uuid":"08D55BEC-A270-4D67-BB95-0D9927CF5EA3","name":"组3","type":"AnimationGroup","index":2,"animations":[]},{"_id":"5bba00a3c8b49e43947f5b2c","metadata":{"generator":"AudioListenerSerializer","type":"Object","version":"0.0.1"},"castShadow":false,"children":[],"frustumCulled":true,"layers":{"mask":1},"matrix":{"elements":[1,0,0,0,0,1,0,0,0,0,1,0,0,0,0,1]},"matrixAutoUpdate":true,"matrixWorld":{"elements":[0.70710678118654768,1.3877787807814457E-17,-0.70710678118654746,0,-0.23570226039551578,0.94280904158206336,-0.23570226039551584,0,0.66666666666666652,0.33333333333333331,0.66666666666666674,0,7.7703255923954018,5.1672378213286372,7.0799775019402764,1]},"matrixWorldNeedsUpdate":false,"modelViewMatrix":{"elements":[1,0,0,0,0,1,0,0,0,0,1,0,0,0,0,1]},"name":"音频监听器","normalMatrix":{"elements":[1,0,0,0,1,0,0,0,1]},"parent":"C19B56DA-1F7A-4B34-963F-24C4288E3C7D","position":{"x":0,"y":0,"z":0},"quaternion":{"x":0,"y":0,"z":0,"w":1},"receiveShadow":false,"renderOrder":0,"rotation":{"x":0,"y":0,"z":0,"order":"XYZ"},"scale":{"x":1,"y":1,"z":1},"type":"AudioListener","up":{"x":0,"y":1,"z":0},"userData":{},"uuid":"3BEBD6A0-2864-402D-A1E2-729CAA24B7BF","visible":true,"isObject3D":true,"masterVolume":1},{"_id":"5bba00a3c8b49e43947f5b2d","metadata":{"generator":"SceneSerializer","type":"Object","version":"0.0.1"},"castShadow":false,"children":["975063BC-1389-4F97-A4FC-E1CF6B0869DA","B34A27B6-F5E3-4270-940F-090D7EF5E658","9EAC1FB2-0EAA-46CF-B928-E4252DB09C74"],"frustumCulled":true,"layers":{"mask":1},"matrix":{"elements":[1,0,0,0,0,1,0,0,0,0,1,0,0,0,0,1]},"matrixAutoUpdate":true,"matrixWorld":{"elements":[1,0,0,0,0,1,0,0,0,0,1,0,0,0,0,1]},"matrixWorldNeedsUpdate":false,"modelViewMatrix":{"elements":[1,0,0,0,0,1,0,0,0,0,1,0,0,0,0,1]},"name":"场景","normalMatrix":{"elements":[1,0,0,0,1,0,0,0,1]},"parent":null,"position":{"x":0,"y":0,"z":0},"quaternion":{"x":0,"y":0,"z":0,"w":1},"receiveShadow":false,"renderOrder":0,"rotation":{"x":0,"y":0,"z":0,"order":"XYZ"},"scale":{"x":1,"y":1,"z":1},"type":"Scene","up":{"x":0,"y":1,"z":0},"userData":{},"uuid":"2256668C-ACF6-49FB-98A2-7E8170D06154","visible":true,"isObject3D":true,"background":11184810,"fog":null,"overrideMaterial":null},{"_id":"5bba00a3c8b49e43947f5b2e","metadata":{"generator":"AmbientLightSerializer","type":"Object","version":"0.0.1"},"children":[],"frustumCulled":true,"layers":{"mask":1},"matrix":{"elements":[1,0,0,0,0,1,0,0,0,0,1,0,0,0,0,1]},"matrixAutoUpdate":true,"matrixWorld":{"elements":[1,0,0,0,0,1,0,0,0,0,1,0,0,0,0,1]},"matrixWorldNeedsUpdate":false,"modelViewMatrix":{"elements":[1,0,0,0,0,1,0,0,0,0,1,0,0,0,0,1]},"name":"环境光","normalMatrix":{"elements":[1,0,0,0,1,0,0,0,1]},"parent":"2256668C-ACF6-49FB-98A2-7E8170D06154","position":{"x":0,"y":0,"z":0},"quaternion":{"x":0,"y":0,"z":0,"w":1},"renderOrder":0,"rotation":{"x":0,"y":0,"z":0,"order":"XYZ"},"scale":{"x":1,"y":1,"z":1},"type":"AmbientLight","up":{"x":0,"y":1,"z":0},"userData":{},"uuid":"975063BC-1389-4F97-A4FC-E1CF6B0869DA","visible":true,"isObject3D":true,"color":16777215,"intensity":0.24,"isLight":true,"shadow":null,"isAmbientLight":true},{"_id":"5bba00a3c8b49e43947f5b2f","metadata":{"generator":"DirectionalLightSerializer","type":"Object","version":"0.0.1"},"castShadow":true,"children":[],"frustumCulled":true,"layers":{"mask":1},"matrix":{"elements":[1,0,0,0,0,1,0,0,0,0,1,0,5,10,7.5,1]},"matrixAutoUpdate":true,"matrixWorld":{"elements":[1,0,0,0,0,1,0,0,0,0,1,0,5,10,7.5,1]},"matrixWorldNeedsUpdate":false,"modelViewMatrix":{"elements":[1,0,0,0,0,1,0,0,0,0,1,0,0,0,0,1]},"name":"平行光","normalMatrix":{"elements":[1,0,0,0,1,0,0,0,1]},"parent":"2256668C-ACF6-49FB-98A2-7E8170D06154","position":{"x":5,"y":10,"z":7.5},"quaternion":{"x":0,"y":0,"z":0,"w":1},"renderOrder":0,"rotation":{"x":0,"y":0,"z":0,"order":"XYZ"},"scale":{"x":1,"y":1,"z":1},"type":"DirectionalLight","up":{"x":0,"y":1,"z":0},"userData":{},"uuid":"B34A27B6-F5E3-4270-940F-090D7EF5E658","visible":true,"isObject3D":true,"color":16777215,"intensity":0.56,"isLight":true,"shadow":{"metadata":{"generator":"DirectionalLightShadowSerializer","type":"Object","version":"0.0.1"},"bias":0,"camera":{"metadata":{"generator":"OrthographicCameraSerializer","type":"Object","version":"0.0.1"},"castShadow":false,"children":[],"frustumCulled":true,"layers":{"mask":1},"matrix":{"elements":[0.83205029433784372,2.7755575615628914E-17,-0.554700196225229,0,-0.41202096209968375,0.66953406341198618,-0.61803144314952574,0,0.37139067635410372,0.74278135270820744,0.55708601453115558,0,5,10,7.5,1]},"matrixAutoUpdate":true,"matrixWorld":{"elements":[0.83205029433784372,2.7755575615628914E-17,-0.554700196225229,0,-0.41202096209968375,0.66953406341198618,-0.61803144314952574,0,0.37139067635410372,0.74278135270820744,0.55708601453115558,0,5,10,7.5,1]},"matrixWorldNeedsUpdate":false,"modelViewMatrix":{"elements":[1,0,0,0,0,1,0,0,0,0,1,0,0,0,0,1]},"name":"","normalMatrix":{"elements":[1,0,0,0,1,0,0,0,1]},"parent":null,"position":{"x":5,"y":10,"z":7.5},"quaternion":{"x":-0.38904698186552672,"y":0.26476298577359092,"z":0.1177939480420426,"w":0.87445273918619892},"receiveShadow":false,"renderOrder":0,"rotation":{"x":-0.92729521800161219,"y":0.3805063771123649,"z":0.45979025757734426,"order":"XYZ"},"scale":{"x":1,"y":1,"z":1},"type":"OrthographicCamera","up":{"x":0,"y":1,"z":0},"userData":{},"uuid":"19CF8B1F-ABBC-448F-A472-0F7F9F164B9D","visible":true,"isObject3D":true,"matrixWorldInverse":{"elements":[0.83205029433784372,-0.41202096209968375,0.37139067635410367,0,-5.5511151231257827E-17,0.66953406341198618,0.74278135270820744,0,-0.55470019622522915,-0.61803144314952574,0.55708601453115558,0,0,0,-13.46291201783626,1]},"projectionMatrix":{"elements":[0.01,0,0,0,0,0.01,0,0,0,0,-0.004004004004004004,0,0,0,-1.002002002002002,1]},"bottom":-100,"far":500,"left":-100,"near":0.5,"right":100,"top":100,"view":null,"zoom":1},"map":{"metadata":{"generator":"WebGLRenderTargetSerializer","type":"Object","version":"0.0.1"},"depthBuffer":true,"depthTexture":null,"height":2048,"scissor":{"x":0,"y":0,"z":2048,"w":2048},"scissorTest":false,"stencilBuffer":true,"texture":{"metadata":{"generator":"TextureSerializer","type":"Object","version":"0.0.1"},"anisotropy":1,"center":{"x":0,"y":0},"encoding":3000,"flipY":true,"format":1023,"generateMipmaps":true,"image":null,"magFilter":1003,"mapping":300,"matrix":{"elements":[1,0,0,0,1,0,0,0,1]},"matrixAutoUpdate":true,"minFilter":1003,"mipmaps":[],"name":"平行光.shadowMap","offset":{"x":0,"y":0},"premultiplyAlpha":false,"repeat":{"x":1,"y":1},"rotation":0,"type":1009,"unpackAlignment":4,"uuid":"1ECAC017-A7D7-43AB-AD3D-F3C972D5EED9","version":0,"wrapS":1001,"wrapT":1001,"isTexture":true},"viewport":{"x":0,"y":0,"z":2048,"w":2048},"width":2048,"isWebGLRenderTarget":true},"mapSize":{"x":2048,"y":2048},"matrix":{"elements":[0.0041602514716892183,-0.0020601048104984189,-0.00074352487758579317,0,-2.7755575615628914E-19,0.0033476703170599309,-0.0014870497551715866,0,-0.002773500981126146,-0.0030901572157476286,-0.00111528731637869,0,0.5,0.5,0.025951775811484026,1]},"radius":1},"isDirectionalLight":true},{"_id":"5bba00a3c8b49e43947f5b30","metadata":{"generator":"FireSerializer","type":"Object","version":"0.0.1"},"castShadow":false,"children":[],"frustumCulled":true,"layers":{"mask":1},"matrix":{"elements":[1,0,0,0,0,1,0,0,0,0,1,0,0,2,0,1]},"matrixAutoUpdate":true,"matrixWorld":{"elements":[1,0,0,0,0,1,0,0,0,0,1,0,0,2,0,1]},"matrixWorldNeedsUpdate":false,"modelViewMatrix":{"elements":[0.70710678118654757,-0.23570226039551581,0.66666666666666663,0,2.7755575615628914E-17,0.94280904158206336,0.33333333333333331,0,-0.70710678118654735,-0.23570226039551589,0.66666666666666685,0,-0.48814981614000513,0.51414955210412772,-10.955948003333331,1]},"name":"火焰","normalMatrix":{"elements":[0.70710678118654768,-0.23570226039551581,0.66666666666666652,0,0.94280904158206336,0.33333333333333331,-0.70710678118654746,-0.23570226039551581,0.66666666666666674]},"parent":"2256668C-ACF6-49FB-98A2-7E8170D06154","position":{"x":0,"y":2,"z":0},"quaternion":{"x":0,"y":0,"z":0,"w":1},"receiveShadow":false,"renderOrder":0,"rotation":{"x":0,"y":0,"z":0,"order":"XYZ"},"scale":{"x":1,"y":1,"z":1},"type":"Mesh","up":{"x":0,"y":1,"z":0},"userData":{"type":"Fire","fire":null,"width":2,"height":4,"depth":2,"sliceSpacing":0.5},"uuid":"9EAC1FB2-0EAA-46CF-B928-E4252DB09C74","visible":true,"isObject3D":true,"drawMode":0,"geometry":null,"material":{"metadata":{"generator":"RawShaderMaterialSerializer","type":"Object","version":"0.0.1"},"alphaMap":null,"alphaTest":0,"aoMap":null,"blendDst":205,"blendDstAlpha":null,"blendEquation":100,"blendEquationAlpha":null,"blendSrc":204,"blendSrcAlpha":null,"blending":2,"bumpMap":null,"clipIntersection":false,"clippingPlanes":null,"colorWrite":true,"depthFunc":3,"depthTest":true,"depthWrite":true,"displacementMap":null,"dithering":false,"emissiveMap":null,"envMap":null,"flatShading":false,"fog":false,"lightMap":null,"lights":false,"linewidth":1,"map":null,"metalnessMap":null,"morphNormals":false,"morphTargets":false,"name":"","normalMap":null,"opacity":1,"overdraw":0,"polygonOffset":false,"polygonOffsetFactor":0,"polygonOffsetUnits":0,"precision":null,"premultipliedAlpha":false,"roughnessMap":null,"shadowSide":null,"side":2,"skinning":false,"transparent":true,"type":"RawShaderMaterial","userData":{},"uuid":"27BC54A4-76DD-4D8D-A9B2-EF9A6732C9D8","vertexColors":0,"visible":true,"wireframe":false,"wireframeLinewidth":1,"defines":{},"uniforms":{"nzw":{"value":{"metadata":{"version":4.5,"type":"Texture","generator":"Texture.toJSON"},"uuid":"78A4DFB8-64AA-4E4F-81E8-BCF527164195","name":"","mapping":300,"repeat":[1,1],"offset":[0,0],"center":[0,0],"rotation":0,"wrap":[1000,1000],"format":1023,"minFilter":1006,"magFilter":1006,"anisotropy":1,"flipY":true,"image":"216A3428-E7D8-485F-AB0E-19E691A49CED"}},"fireProfile":{"value":{"metadata":{"version":4.5,"type":"Texture","generator":"Texture.toJSON"},"uuid":"90976E49-0AD3-4D3C-8AC3-D13764EE78CC","name":"","mapping":300,"repeat":[1,1],"offset":[0,0],"center":[0,0],"rotation":0,"wrap":[1001,1001],"format":1023,"minFilter":1006,"magFilter":1006,"anisotropy":1,"flipY":true,"image":"1A513313-EE12-42C0-9F7E-62387BBA9637"}},"time":{"value":56.045500000007451}},"vertexShader":"attribute vec3 position;\nattribute vec3 tex;\nuniform mat4 projectionMatrix;\nuniform mat4 modelViewMatrix;\nvarying vec3 texOut;\nvoid main ( void ) {\ngl_Position = projectionMatrix * modelViewMatrix * vec4(position, 1.0 );\ntexOut = tex;\n}","fragmentShader":"precision highp float;\nvec2 mBBS( vec2 val, float modulus ) {\nval = mod( val, modulus ); // For numerical consistancy.\nreturn mod(val * val, modulus);\n}\nuniform sampler2D nzw;\nconst float modulus = 61.0;  // Value used in pregenerated noise texture.\nfloat mnoise ( vec3 pos ) {\nfloat intArg = floor( pos.z );\nfloat fracArg = fract( pos.z );\nvec2 hash = mBBS( intArg * 3.0 + vec2( 0, 3 ), modulus );\nvec4 g = vec4 (\ntexture2D( nzw, vec2( pos.x, pos.y + hash.x ) / modulus ).xy,\ntexture2D( nzw, vec2( pos.x, pos.y + hash.y ) / modulus ).xy\n) * 2.0 - 1.0;\nreturn mix(\ng.x + g.y * fracArg,\ng.z + g.w * ( fracArg - 1.0 ),\nsmoothstep( 0.0, 1.0, fracArg )\n);\n}\nconst int octives = 4;\nconst float lacunarity = 2.0;\nconst float gain = 0.5;\nfloat turbulence( vec3 pos ) {\nfloat sum  = 0.0;\nfloat freq = 1.0;\nfloat amp  = 1.0;\nfor ( int i = 0; i < 4; i++ ) {\nsum += abs( mnoise( pos * freq ) ) * amp;\nfreq *= lacunarity;\namp *= gain;\n}\nreturn sum;\n}\nconst float magnatude = 1.3;\nuniform float time;\nuniform sampler2D fireProfile;\nvec4 sampleFire( vec3 loc, vec4 scale ) {\nloc.xz = loc.xz * 2.0 - 1.0;\nvec2 st = vec2( sqrt( dot( loc.xz, loc.xz ) ), loc.y );\nloc.y -= time * scale.w; // Scrolling noise upwards over time.\nloc *= scale.xyz; // Scaling noise space.\nfloat offset = sqrt( st.y ) * magnatude * turbulence( loc );\nst.y += offset;\nif ( st.y > 1.0 ) {\nreturn vec4( 0, 0, 0, 1 );\n}\nvec4 result = texture2D( fireProfile, st );\nif ( st.y < 0.1 ) {\nresult *= st.y / 0.1;\n}\nreturn result;\n}\nvarying vec3 texOut;\nvoid main( void ) {\nvec3 color = sampleFire( texOut, vec4( 1.0, 2.0, 1.0, 0.5 ) ).xyz;\ngl_FragColor = vec4( color * 1.5, 1 );\nif(color.x < 0.01 && color.y < 0.01 && color.z < 0.01) {\n discard; \n}\n}"}}]}