{"Code":200,"Msg":"获取成功！","Data":[{"_id":"5bba0314c8b49e43947f5b94","metadata":{"generator":"OptionsSerializer","type":"Object","version":"0.0.1"},"server":"http://localhost:2000","theme":"assets/css/light.css","showGrid":true,"showCameraHelper":true,"showPointLightHelper":false,"showDirectionalLightHelper":true,"showSpotLightHelper":true,"showHemisphereLightHelper":true,"showRectAreaLightHelper":true,"showSkeletonHelper":false},{"_id":"5bba0314c8b49e43947f5b95","metadata":{"generator":"PerspectiveCameraSerializer","type":"Object","version":"0.0.1"},"castShadow":false,"children":["B8DE0570-C480-45ED-A1E9-A9700A66BB73"],"frustumCulled":true,"layers":{"mask":1},"matrix":{"elements":[-0.014601317722982232,0,-0.99989339507807162,0,-0.24721957787551715,0.96895275807141168,0.0036101164600853136,0,0.96884946293828522,0.24724593550916923,-0.01414798707916054,0,13.152151189945013,5.844915584242675,-1.2603695098582808,1]},"matrixAutoUpdate":true,"matrixWorld":{"elements":[-0.014601317722982232,0,-0.99989339507807162,0,-0.24721957787551715,0.96895275807141168,0.0036101164600853136,0,0.96884946293828522,0.24724593550916923,-0.01414798707916054,0,13.152151189945013,5.844915584242675,-1.2603695098582808,1]},"matrixWorldNeedsUpdate":false,"modelViewMatrix":{"elements":[1,0,0,0,0,1,0,0,0,0,1,0,0,0,0,1]},"name":"默认相机","normalMatrix":{"elements":[1,0,0,0,1,0,0,0,1]},"parent":null,"position":{"x":13.152151189945013,"y":5.844915584242675,"z":-1.2603695098582808},"quaternion":{"x":-0.087455576272709265,"y":0.706700442704254,"z":0.088742003262843192,"w":0.69645593063546907},"receiveShadow":false,"renderOrder":0,"rotation":{"x":-1.6279563172611975,"y":1.3205419758474752,"z":1.6297899356007437,"order":"XYZ"},"scale":{"x":1,"y":1,"z":1},"type":"PerspectiveCamera","up":{"x":0,"y":1,"z":0},"userData":{"isDefault":true},"uuid":"ED5FF679-914E-41DB-9B41-88B94412EBB9","visible":true,"isObject3D":true,"matrixWorldInverse":{"elements":[-0.014601317722982145,-0.24721957787551718,0.96884946293828522,0,-1.9949319973733282E-17,0.96895275807141179,0.24724593550916923,0,-0.99989339507807162,0.0036101164600853548,-0.014147987079160618,0,-1.0681964099999963,-2.4074277300000011,-14.205417930000001,1.0000000000000002]},"projectionMatrix":{"elements":[0.99587786462210648,0,0,0,0,2.1445069205095586,0,0,0,0,-1.0000200002000021,-1,0,0,-0.20000200002000021,0]},"aspect":2.1533834586466165,"far":10000,"filmGauge":35,"filmOffset":0,"focus":10,"fov":50,"near":0.1,"view":null,"zoom":1},{"_id":"5bba0314c8b49e43947f5b96","metadata":{"generator":"WebGLRendererSerializer","type":"Object","version":"0.0.1"},"antialias":true,"autoClear":false,"autoClearColor":true,"autoClearDepth":true,"autoClearStencil":true,"autoUpdateScene":false,"clippingPlanes":[],"gammaFactor":2,"gammaInput":false,"gammaOutput":false,"localClippingEnabled":false,"physicallyCorrectLights":false,"shadowMap":{"metadata":{"generator":"WebGLShadowMapSerializer","type":"Object","version":"0.0.1"},"autoUpdate":true,"enabled":true,"needsUpdate":false,"type":2},"sortObjects":true,"toneMapping":1,"toneMappingExposure":1,"toneMappingWhitePoint":1},{"_id":"5bba0314c8b49e43947f5b97","metadata":{"generator":"AnimationSerializer","type":"Object","version":"0.0.1"},"id":null,"uuid":"20BB5900-AE8B-468C-8EE8-6E72737045A4","name":"组1","type":"AnimationGroup","index":1,"animations":[]},{"_id":"5bba0314c8b49e43947f5b98","metadata":{"generator":"AnimationSerializer","type":"Object","version":"0.0.1"},"id":null,"uuid":"709D5BF0-DEAD-457C-9D88-C33615F247A8","name":"组2","type":"AnimationGroup","index":1,"animations":[]},{"_id":"5bba0314c8b49e43947f5b99","metadata":{"generator":"AnimationSerializer","type":"Object","version":"0.0.1"},"id":null,"uuid":"A67888C2-23E9-4D87-A8E0-8E9C788C8357","name":"组3","type":"AnimationGroup","index":2,"animations":[]},{"_id":"5bba0314c8b49e43947f5b9a","metadata":{"generator":"AudioListenerSerializer","type":"Object","version":"0.0.1"},"castShadow":false,"children":[],"frustumCulled":true,"layers":{"mask":1},"matrix":{"elements":[1,0,0,0,0,1,0,0,0,0,1,0,0,0,0,1]},"matrixAutoUpdate":true,"matrixWorld":{"elements":[-0.014601317722982232,0,-0.99989339507807162,0,-0.24721957787551715,0.96895275807141168,0.0036101164600853136,0,0.96884946293828522,0.24724593550916923,-0.01414798707916054,0,13.152151189945013,5.844915584242675,-1.2603695098582808,1]},"matrixWorldNeedsUpdate":false,"modelViewMatrix":{"elements":[1,0,0,0,0,1,0,0,0,0,1,0,0,0,0,1]},"name":"音频监听器","normalMatrix":{"elements":[1,0,0,0,1,0,0,0,1]},"parent":"ED5FF679-914E-41DB-9B41-88B94412EBB9","position":{"x":0,"y":0,"z":0},"quaternion":{"x":0,"y":0,"z":0,"w":1},"receiveShadow":false,"renderOrder":0,"rotation":{"x":0,"y":0,"z":0,"order":"XYZ"},"scale":{"x":1,"y":1,"z":1},"type":"AudioListener","up":{"x":0,"y":1,"z":0},"userData":{},"uuid":"B8DE0570-C480-45ED-A1E9-A9700A66BB73","visible":true,"isObject3D":true,"masterVolume":1},{"_id":"5bba0314c8b49e43947f5b9b","metadata":{"generator":"SceneSerializer","type":"Object","version":"0.0.1"},"castShadow":false,"children":["772B7AFE-CD9B-4DAA-A2E0-3AFC3B028D32","B21068CD-F0EA-4A21-9714-531DB61AF5DD","DC0DAA0A-30E1-4E39-B627-8C0C280AFCC6","E30B71A1-1257-4511-83B3-B30AFDCEAF79","C3BAAE1C-0B8A-48AB-AF95-9C8B6EA7E119","1DB5287F-7127-4150-B98E-120AFDB757B9","DE88DB92-A138-4B62-A218-A6FC6B5C3F60","1316C74B-D170-455D-A3EA-1045A01FC59B","34775C2E-1560-4910-B805-D903945BF527","218F70F4-0CE1-4C30-B412-F904C524FD6F","67B37F4F-255F-42CE-BCF0-F7BA7E8101A9","F94FF2E0-D5F4-46B9-9D18-13CC663366B8","077BF882-F2CF-41EA-A042-EF27F91BDECE","3A26F5A5-C158-4D4B-AE98-25FB7EC6B871","9237BF8C-F349-4263-86DD-0492C9BB678E","0D30FB59-86E7-48A6-B4F2-72809A98A084","0375C02B-C945-463A-A2C4-26427C91AED3","F114B342-5460-4787-B696-33FA83967332","974E8949-F747-494B-94BB-070B3E2FF060","755D5859-9171-47DC-9491-5B3B4F275541","FE73F0A8-C487-481C-9116-7818994FAE51","2D45A38D-30AC-48DE-BF62-CECFA0A0B142","16DB24B4-5891-4480-BF9C-BC6C831463A7","94622C8F-CB9E-47B2-8012-2A6990B2F178","3BCBEBA5-AAE0-4ED2-98A3-D4DFEE384097","B415017A-4DB6-483C-9DA5-537043CBB88E","9F0E433E-2115-49AF-8B1D-2C4AE292D426","338E40CA-4E8F-4078-9556-4734F13EAD3B","C150FF9B-0C1E-4C8E-89A2-D3F672D7D9B2","BE775834-D40B-492E-966A-67EB254D2450","E5B5555B-1161-464D-BB28-2C1273EBC2E7","B427375F-B487-4CB9-9496-A03E6391AA6E","CC05DA22-7AEB-4C16-9A40-539FD4CF629A","0945FA3F-37EC-40FB-9672-DE99899A9E5B","49272B0A-A275-46D2-B0AA-95F2F22444A1","B853E9E3-1CD0-4C8D-81DD-350AB1ECAC4E","ED61EC63-D03F-4BE3-9E70-C86DC98D5BAE","7F293521-8C4B-4C05-B96A-3EC84DCF382A","390F5E8D-7397-4E1F-982D-D5BED3FE1339","37F32839-CA89-4E4F-A17B-9346A36FABCB","47492B67-4FAC-4F47-9E50-374D7D7359C7","E1AB96EE-2A45-4A73-99EE-5778EC7FC1F8","004718A3-4C0E-46E8-BF68-EF04260923B0","99828DC3-DFF8-407E-B992-C9370ABB3245","6F77B8AE-E292-414C-BEB0-7A7D33983B15","CE7F1616-6A2A-4418-BBF2-2624D63EB85E","4CBE0B66-77EE-4AAD-BED8-C40AED73624E","835F58FC-EF39-4CA7-A1ED-8A387C4226D0","713EED04-4C71-4527-B5FA-0E86E66095DB","8463A405-F9B9-46AD-9894-05BAD54EBDA3","5C60CA15-D900-4707-8D94-6FED333DED81","1DFC4CB1-0775-4F71-B397-A1DD80AB95A5","92A98CB2-F3C8-4FA3-AACD-5C638E344107","717E8440-0A5F-4D1D-8507-7F7975A8271B","7E497FCA-BA8E-4C80-BEDD-87130287C311","D9D98DDC-25FA-4E02-88EB-9E90C69DC2AE","6159F0BA-FEEF-4288-B92A-148C22E1DC74"],"frustumCulled":true,"layers":{"mask":1},"matrix":{"elements":[1,0,0,0,0,1,0,0,0,0,1,0,0,0,0,1]},"matrixAutoUpdate":true,"matrixWorld":{"elements":[1,0,0,0,0,1,0,0,0,0,1,0,0,0,0,1]},"matrixWorldNeedsUpdate":false,"modelViewMatrix":{"elements":[1,0,0,0,0,1,0,0,0,0,1,0,0,0,0,1]},"name":"场景","normalMatrix":{"elements":[1,0,0,0,1,0,0,0,1]},"parent":null,"position":{"x":0,"y":0,"z":0},"quaternion":{"x":0,"y":0,"z":0,"w":1},"receiveShadow":false,"renderOrder":0,"rotation":{"x":0,"y":0,"z":0,"order":"XYZ"},"scale":{"x":1,"y":1,"z":1},"type":"Scene","up":{"x":0,"y":1,"z":0},"userData":{},"uuid":"C73E6E66-F4A1-40CF-9193-9E5121A89894","visible":true,"isObject3D":true,"background":11184810,"fog":null,"overrideMaterial":null},{"_id":"5bba0314c8b49e43947f5b9c","metadata":{"generator":"AmbientLightSerializer","type":"Object","version":"0.0.1"},"children":[],"frustumCulled":true,"layers":{"mask":1},"matrix":{"elements":[1,0,0,0,0,1,0,0,0,0,1,0,0,0,0,1]},"matrixAutoUpdate":true,"matrixWorld":{"elements":[1,0,0,0,0,1,0,0,0,0,1,0,0,0,0,1]},"matrixWorldNeedsUpdate":false,"modelViewMatrix":{"elements":[1,0,0,0,0,1,0,0,0,0,1,0,0,0,0,1]},"name":"环境光","normalMatrix":{"elements":[1,0,0,0,1,0,0,0,1]},"parent":"C73E6E66-F4A1-40CF-9193-9E5121A89894","position":{"x":0,"y":0,"z":0},"quaternion":{"x":0,"y":0,"z":0,"w":1},"renderOrder":0,"rotation":{"x":0,"y":0,"z":0,"order":"XYZ"},"scale":{"x":1,"y":1,"z":1},"type":"AmbientLight","up":{"x":0,"y":1,"z":0},"userData":{},"uuid":"772B7AFE-CD9B-4DAA-A2E0-3AFC3B028D32","visible":true,"isObject3D":true,"color":16777215,"intensity":0.41,"isLight":true,"shadow":null,"isAmbientLight":true},{"_id":"5bba0314c8b49e43947f5b9d","metadata":{"generator":"DirectionalLightSerializer","type":"Object","version":"0.0.1"},"castShadow":true,"children":[],"frustumCulled":true,"layers":{"mask":1},"matrix":{"elements":[1,0,0,0,0,1,0,0,0,0,1,0,5,10,7.5,1]},"matrixAutoUpdate":true,"matrixWorld":{"elements":[1,0,0,0,0,1,0,0,0,0,1,0,5,10,7.5,1]},"matrixWorldNeedsUpdate":false,"modelViewMatrix":{"elements":[1,0,0,0,0,1,0,0,0,0,1,0,0,0,0,1]},"name":"平行光","normalMatrix":{"elements":[1,0,0,0,1,0,0,0,1]},"parent":"C73E6E66-F4A1-40CF-9193-9E5121A89894","position":{"x":5,"y":10,"z":7.5},"quaternion":{"x":0,"y":0,"z":0,"w":1},"renderOrder":0,"rotation":{"x":0,"y":0,"z":0,"order":"XYZ"},"scale":{"x":1,"y":1,"z":1},"type":"DirectionalLight","up":{"x":0,"y":1,"z":0},"userData":{},"uuid":"B21068CD-F0EA-4A21-9714-531DB61AF5DD","visible":true,"isObject3D":true,"color":16777215,"intensity":0.56,"isLight":true,"shadow":{"metadata":{"generator":"DirectionalLightShadowSerializer","type":"Object","version":"0.0.1"},"bias":0,"camera":{"metadata":{"generator":"OrthographicCameraSerializer","type":"Object","version":"0.0.1"},"castShadow":false,"children":[],"frustumCulled":true,"layers":{"mask":1},"matrix":{"elements":[0.83205029433784372,2.7755575615628914E-17,-0.554700196225229,0,-0.41202096209968375,0.66953406341198618,-0.61803144314952574,0,0.37139067635410372,0.74278135270820744,0.55708601453115558,0,5,10,7.5,1]},"matrixAutoUpdate":true,"matrixWorld":{"elements":[0.83205029433784372,2.7755575615628914E-17,-0.554700196225229,0,-0.41202096209968375,0.66953406341198618,-0.61803144314952574,0,0.37139067635410372,0.74278135270820744,0.55708601453115558,0,5,10,7.5,1]},"matrixWorldNeedsUpdate":false,"modelViewMatrix":{"elements":[1,0,0,0,0,1,0,0,0,0,1,0,0,0,0,1]},"name":"","normalMatrix":{"elements":[1,0,0,0,1,0,0,0,1]},"parent":null,"position":{"x":5,"y":10,"z":7.5},"quaternion":{"x":-0.38904698186552672,"y":0.26476298577359092,"z":0.1177939480420426,"w":0.87445273918619892},"receiveShadow":false,"renderOrder":0,"rotation":{"x":-0.92729521800161219,"y":0.3805063771123649,"z":0.45979025757734426,"order":"XYZ"},"scale":{"x":1,"y":1,"z":1},"type":"OrthographicCamera","up":{"x":0,"y":1,"z":0},"userData":{},"uuid":"AA286062-41F7-4E27-920B-A52E71CA0C4C","visible":true,"isObject3D":true,"matrixWorldInverse":{"elements":[0.83205029433784372,-0.41202096209968375,0.37139067635410367,0,-5.5511151231257827E-17,0.66953406341198618,0.74278135270820744,0,-0.55470019622522915,-0.61803144314952574,0.55708601453115558,0,0,0,-13.46291201783626,1]},"projectionMatrix":{"elements":[0.01,0,0,0,0,0.01,0,0,0,0,-0.004004004004004004,0,0,0,-1.002002002002002,1]},"bottom":-100,"far":500,"left":-100,"near":0.5,"right":100,"top":100,"view":null,"zoom":1},"map":{"metadata":{"generator":"WebGLRenderTargetSerializer","type":"Object","version":"0.0.1"},"depthBuffer":true,"depthTexture":null,"height":2048,"scissor":{"x":0,"y":0,"z":2048,"w":2048},"scissorTest":false,"stencilBuffer":true,"texture":{"metadata":{"generator":"TextureSerializer","type":"Object","version":"0.0.1"},"anisotropy":1,"center":{"x":0,"y":0},"encoding":3000,"flipY":true,"format":1023,"generateMipmaps":true,"image":null,"magFilter":1003,"mapping":300,"matrix":{"elements":[1,0,0,0,1,0,0,0,1]},"matrixAutoUpdate":true,"minFilter":1003,"mipmaps":[],"name":"平行光.shadowMap","offset":{"x":0,"y":0},"premultiplyAlpha":false,"repeat":{"x":1,"y":1},"rotation":0,"type":1009,"unpackAlignment":4,"uuid":"B38CC7E6-4C39-4958-84F2-1E1624DCEEDF","version":0,"wrapS":1001,"wrapT":1001,"isTexture":true},"viewport":{"x":0,"y":0,"z":2048,"w":2048},"width":2048,"isWebGLRenderTarget":true},"mapSize":{"x":2048,"y":2048},"matrix":{"elements":[0.0041602514716892183,-0.0020601048104984189,-0.00074352487758579317,0,-2.7755575615628914E-19,0.0033476703170599309,-0.0014870497551715866,0,-0.002773500981126146,-0.0030901572157476286,-0.00111528731637869,0,0.5,0.5,0.025951775811484026,1]},"radius":1},"isDirectionalLight":true},{"_id":"5bba0314c8b49e43947f5b9e","metadata":{"generator":"MeshSerializer","type":"Object","version":"0.0.1"},"castShadow":true,"children":[],"frustumCulled":true,"layers":{"mask":1},"matrix":{"elements":[1,0,0,0,0,1,0,0,0,0,1,0,0,-0.5,0,1]},"matrixAutoUpdate":true,"matrixWorld":{"elements":[1,0,0,0,0,1,0,0,0,0,1,0,0,-0.5,0,1]},"matrixWorldNeedsUpdate":false,"modelViewMatrix":{"elements":[-0.014601317722982145,-0.24721957787551718,0.96884946293828522,0,-1.9949319973733282E-17,0.96895275807141179,0.24724593550916923,0,-0.99989339507807162,0.0036101164600853548,-0.014147987079160618,0,-1.0681964099999963,-2.8919041090357069,-14.329040897754586,1.0000000000000002]},"name":"物理平板","normalMatrix":{"elements":[-0.014601317722982229,-0.24721957787551713,0.96884946293828511,4.3368086899420168E-19,0.96895275807141157,0.24724593550916921,-0.99989339507807151,0.0036101164600853127,-0.014147987079160538]},"parent":"C73E6E66-F4A1-40CF-9193-9E5121A89894","position":{"x":0,"y":-0.5,"z":0},"quaternion":{"x":0,"y":0,"z":0,"w":1},"receiveShadow":true,"renderOrder":0,"rotation":{"x":0,"y":0,"z":0,"order":"XYZ"},"scale":{"x":1,"y":1,"z":1},"type":"Mesh","up":{"x":0,"y":1,"z":0},"userData":{"physicsBody":{"ptr":8470512}},"uuid":"DC0DAA0A-30E1-4E39-B627-8C0C280AFCC6","visible":true,"isObject3D":true,"drawMode":0,"geometry":{"metadata":{"generator":"BoxBufferGeometrySerializer","type":"Object","version":"0.0.1"},"boundingBox":null,"boundingSphere":{"center":{"x":0,"y":0,"z":0},"radius":28.288690319631272},"drawRange":{"start":0,"count":null},"groups":[{"start":0,"count":6,"materialIndex":0},{"start":6,"count":6,"materialIndex":1},{"start":12,"count":6,"materialIndex":2},{"start":18,"count":6,"materialIndex":3},{"start":24,"count":6,"materialIndex":4},{"start":30,"count":6,"materialIndex":5}],"morphAttributes":{},"name":"","parameters":{"width":40,"height":1,"depth":40,"widthSegments":1,"heightSegments":1,"depthSegments":1},"type":"BoxBufferGeometry","userData":{},"uuid":"DFC2559D-4F60-4EC4-91B9-214A79FBED46"},"material":{"metadata":{"generator":"MeshPhongMaterialSerializer","type":"Object","version":"0.0.1"},"alphaMap":null,"alphaTest":0,"aoMap":null,"aoMapIntensity":1,"blendDst":205,"blendDstAlpha":null,"blendEquation":100,"blendEquationAlpha":null,"blendSrc":204,"blendSrcAlpha":null,"blending":1,"bumpMap":null,"bumpScale":1,"clipIntersection":false,"clippingPlanes":null,"color":16777215,"colorWrite":true,"depthFunc":3,"depthTest":true,"depthWrite":true,"displacementBias":0,"displacementMap":null,"displacementScale":1,"dithering":false,"emissive":0,"emissiveIntensity":1,"emissiveMap":null,"envMap":null,"flatShading":false,"fog":true,"lightMap":null,"lightMapIntensity":1,"lights":true,"map":{"metadata":{"generator":"TextureSerializer","type":"Object","version":"0.0.1"},"anisotropy":1,"center":{"x":0,"y":0},"encoding":3000,"flipY":true,"format":1023,"generateMipmaps":true,"image":{"tagName":"img","src":"http://localhost:2000/assets/textures/grid.png","width":64,"height":64},"magFilter":1006,"mapping":300,"matrix":{"elements":[40,0,0,0,40,0,0,0,1]},"matrixAutoUpdate":true,"minFilter":1008,"mipmaps":[],"name":"","offset":{"x":0,"y":0},"premultiplyAlpha":false,"repeat":{"x":40,"y":40},"rotation":0,"type":1009,"unpackAlignment":4,"uuid":"8CF0950F-6E1B-40AA-B14A-650F73CBCEA7","version":1,"wrapS":1000,"wrapT":1000,"isTexture":true},"metalnessMap":null,"morphNormals":false,"morphTargets":false,"name":"","normalMap":null,"normalScale":{"x":1,"y":1},"opacity":1,"overdraw":0,"polygonOffset":false,"polygonOffsetFactor":0,"polygonOffsetUnits":0,"precision":null,"premultipliedAlpha":false,"refractionRatio":0.98,"roughnessMap":null,"shadowSide":null,"side":0,"skinning":false,"transparent":false,"type":"MeshPhongMaterial","userData":{},"uuid":"54977ADE-028A-4C00-84C1-8D7B24F4266C","vertexColors":0,"visible":true,"wireframe":false,"wireframeLinecap":"round","wireframeLinejoin":"round","wireframeLinewidth":1}},{"_id":"5bba0314c8b49e43947f5b9f","metadata":{"generator":"MeshSerializer","type":"Object","version":"0.0.1"},"castShadow":true,"children":[],"frustumCulled":true,"layers":{"mask":1},"matrix":{"elements":[-0.89395605757798768,-7.7097582087921868E-07,-0.44815445844435114,0,-7.169880287236219E-07,0.99999999999970091,-2.9012312297436635E-07,0,0.44815445844444074,6.1964049552942185E-08,-0.893956057578273,0,-1.7707982063293457,0.299999862909317,-7.1325531005859375,1]},"matrixAutoUpdate":true,"matrixWorld":{"elements":[-0.89395605757798768,-7.7097582087921868E-07,-0.44815445844435114,0,-7.169880287236219E-07,0.99999999999970091,-2.9012312297436635E-07,0,0.44815445844444074,6.1964049552942185E-08,-0.893956057578273,0,-1.7707982063293457,0.299999862909317,-7.1325531005859375,1]},"matrixWorldNeedsUpdate":false,"modelViewMatrix":{"elements":[0.46115961940037753,0.219384802367453,-0.85976855340795932,0,3.00561164412511E-07,0.96895293427722151,0.24724524496028694,0,0.88731711182582917,-0.11401978147748527,0.4468419004496087,0,6.089452312553405,-1.7047153976923672,-15.745969805308114,1.0000000000000002]},"name":"","normalMatrix":{"elements":[0.46115968788050571,0.21938483494516534,-0.85976868107970561,3.0056119926337451E-07,0.96895293427723306,0.24724524496024072,0.8873172435884269,-0.11401979840890097,0.446841966803622]},"parent":"C73E6E66-F4A1-40CF-9193-9E5121A89894","position":{"x":-1.7707982063293457,"y":0.299999862909317,"z":-7.1325531005859375},"quaternion":{"x":-3.8226315268730104E-07,"y":0.97312796115875244,"z":-5.8614869402617842E-08,"w":0.23026491701602936},"receiveShadow":true,"renderOrder":0,"rotation":{"x":-3.1415925842753687,"y":0.46469980272352451,"z":3.1415918515503387,"order":"XYZ"},"scale":{"x":1,"y":1,"z":1},"type":"Mesh","up":{"x":0,"y":1,"z":0},"userData":{"physicsBody":{"ptr":8473056}},"uuid":"E30B71A1-1257-4511-83B3-B30AFDCEAF79","visible":true,"isObject3D":true,"drawMode":0,"geometry":{"metadata":{"generator":"BoxBufferGeometrySerializer","type":"Object","version":"0.0.1"},"boundingBox":null,"boundingSphere":{"center":{"x":0,"y":0,"z":0},"radius":0.73484695203514661},"drawRange":{"start":0,"count":null},"groups":[{"start":0,"count":6,"materialIndex":0},{"start":6,"count":6,"materialIndex":1},{"start":12,"count":6,"materialIndex":2},{"start":18,"count":6,"materialIndex":3},{"start":24,"count":6,"materialIndex":4},{"start":30,"count":6,"materialIndex":5}],"morphAttributes":{},"name":"","parameters":{"width":0.6,"height":0.6,"depth":1.2,"widthSegments":1,"heightSegments":1,"depthSegments":1},"type":"BoxBufferGeometry","userData":{},"uuid":"683D6887-7A0A-4E36-B547-4164A08EB4FC"},"material":{"metadata":{"generator":"MeshPhongMaterialSerializer","type":"Object","version":"0.0.1"},"alphaMap":null,"alphaTest":0,"aoMap":null,"aoMapIntensity":1,"blendDst":205,"blendDstAlpha":null,"blendEquation":100,"blendEquationAlpha":null,"blendSrc":204,"blendSrcAlpha":null,"blending":1,"bumpMap":null,"bumpScale":1,"clipIntersection":false,"clippingPlanes":null,"color":5271544,"colorWrite":true,"depthFunc":3,"depthTest":true,"depthWrite":true,"displacementBias":0,"displacementMap":null,"displacementScale":1,"dithering":false,"emissive":0,"emissiveIntensity":1,"emissiveMap":null,"envMap":null,"flatShading":false,"fog":true,"lightMap":null,"lightMapIntensity":1,"lights":true,"map":null,"metalnessMap":null,"morphNormals":false,"morphTargets":false,"name":"","normalMap":null,"normalScale":{"x":1,"y":1},"opacity":1,"overdraw":0,"polygonOffset":false,"polygonOffsetFactor":0,"polygonOffsetUnits":0,"precision":null,"premultipliedAlpha":false,"refractionRatio":0.98,"roughnessMap":null,"shadowSide":null,"side":0,"skinning":false,"transparent":false,"type":"MeshPhongMaterial","userData":{},"uuid":"F353F3B0-1292-41B9-BF23-09C67061C20D","vertexColors":0,"visible":true,"wireframe":false,"wireframeLinecap":"round","wireframeLinejoin":"round","wireframeLinewidth":1}},{"_id":"5bba0314c8b49e43947f5ba0","metadata":{"generator":"MeshSerializer","type":"Object","version":"0.0.1"},"castShadow":true,"children":[],"frustumCulled":true,"layers":{"mask":1},"matrix":{"elements":[0.26574394952953539,-0.073691422861337674,-0.96122302271038,0,-0.019353712796086331,0.99646544042300789,-0.081743866487560268,0,0.96384934455173776,0.040326171452308657,0.26337845909647228,0,-889.71240234375,-9140.5205078125,-225.28480529785156,1]},"matrixAutoUpdate":true,"matrixWorld":{"elements":[0.26574394952953539,-0.073691422861337674,-0.96122302271038,0,-0.019353712796086331,0.99646544042300789,-0.081743866487560268,0,0.96384934455173776,0.040326171452308657,0.26337845909647228,0,-889.71240234375,-9140.5205078125,-225.28480529785156,1]},"matrixWorldNeedsUpdate":false,"modelViewMatrix":{"elements":[-0.02520086120685322,0.70178322760307765,-0.71194458514986592,0,-0.0039440305470421488,0.71209546783446143,0.70207156983711627,0,0.99967456475372063,0.020500738157647524,-0.015177565845159668,0,-100.67402710132791,-45.538287400361767,-234.50143740566708,1]},"name":"","normalMatrix":{"elements":[-0.82162100532618321,-0.1347866496963939,0.55386952373164966,0.046217423486069886,0.95269233850735546,0.30040182707040841,-0.56815740765612111,0.2724148744398337,-0.7765225449455212]},"parent":"C73E6E66-F4A1-40CF-9193-9E5121A89894","position":{"x":-889.71240234375,"y":-9140.5205078125,"z":-225.28480529785156},"quaternion":{"x":-0.038405891507864,"y":0.60566967725753784,"z":-0.01709582656621933,"w":0.79460489749908447},"receiveShadow":true,"renderOrder":0,"rotation":{"x":-0.15193121255776112,"y":1.3010905925009797,"z":0.072700071184319273,"order":"XYZ"},"scale":{"x":1,"y":1,"z":1},"type":"Mesh","up":{"x":0,"y":1,"z":0},"userData":{"physicsBody":{"ptr":8474640}},"uuid":"C3BAAE1C-0B8A-48AB-AF95-9C8B6EA7E119","visible":true,"isObject3D":true,"drawMode":0,"geometry":{"metadata":{"generator":"BoxBufferGeometrySerializer","type":"Object","version":"0.0.1"},"boundingBox":null,"boundingSphere":{"center":{"x":0,"y":0,"z":0},"radius":0.73484695203514661},"drawRange":{"start":0,"count":null},"groups":[{"start":0,"count":6,"materialIndex":0},{"start":6,"count":6,"materialIndex":1},{"start":12,"count":6,"materialIndex":2},{"start":18,"count":6,"materialIndex":3},{"start":24,"count":6,"materialIndex":4},{"start":30,"count":6,"materialIndex":5}],"morphAttributes":{},"name":"","parameters":{"width":0.6,"height":0.6,"depth":1.2,"widthSegments":1,"heightSegments":1,"depthSegments":1},"type":"BoxBufferGeometry","userData":{},"uuid":"B1752437-9C02-4AFA-8EF1-30DD9112DE98"},"material":{"metadata":{"generator":"MeshPhongMaterialSerializer","type":"Object","version":"0.0.1"},"alphaMap":null,"alphaTest":0,"aoMap":null,"aoMapIntensity":1,"blendDst":205,"blendDstAlpha":null,"blendEquation":100,"blendEquationAlpha":null,"blendSrc":204,"blendSrcAlpha":null,"blending":1,"bumpMap":null,"bumpScale":1,"clipIntersection":false,"clippingPlanes":null,"color":3708057,"colorWrite":true,"depthFunc":3,"depthTest":true,"depthWrite":true,"displacementBias":0,"displacementMap":null,"displacementScale":1,"dithering":false,"emissive":0,"emissiveIntensity":1,"emissiveMap":null,"envMap":null,"flatShading":false,"fog":true,"lightMap":null,"lightMapIntensity":1,"lights":true,"map":null,"metalnessMap":null,"morphNormals":false,"morphTargets":false,"name":"","normalMap":null,"normalScale":{"x":1,"y":1},"opacity":1,"overdraw":0,"polygonOffset":false,"polygonOffsetFactor":0,"polygonOffsetUnits":0,"precision":null,"premultipliedAlpha":false,"refractionRatio":0.98,"roughnessMap":null,"shadowSide":null,"side":0,"skinning":false,"transparent":false,"type":"MeshPhongMaterial","userData":{},"uuid":"6F369EF8-4453-4A60-8331-6948050D5269","vertexColors":0,"visible":true,"wireframe":false,"wireframeLinecap":"round","wireframeLinejoin":"round","wireframeLinewidth":1}},{"_id":"5bba0314c8b49e43947f5ba1","metadata":{"generator":"MeshSerializer","type":"Object","version":"0.0.1"},"castShadow":true,"children":[],"frustumCulled":true,"layers":{"mask":1},"matrix":{"elements":[-0.99286740309311239,-1.1238119299119761E-06,-0.1192238746133559,0,-1.1354541862446343E-06,0.999999999999355,2.9721499130319052E-08,0,0.1192238746132456,1.6488275458196946E-07,-0.9928674030937481,0,-7.2709875106811523,0.30000010132789612,2.5772945880889893,1]},"matrixAutoUpdate":true,"matrixWorld":{"elements":[-0.99286740309311239,-1.1238119299119761E-06,-0.1192238746133559,0,-1.1354541862446343E-06,0.999999999999355,2.9721499130319052E-08,0,0.1192238746132456,1.6488275458196946E-07,-0.9928674030937481,0,-7.2709875106811523,0.30000010132789612,2.5772945880889893,1]},"matrixWorldNeedsUpdate":false,"modelViewMatrix":{"elements":[0.13370833717086547,0.24502475928619433,-0.96025255027606671,0,-1.3139203358925941E-08,0.96895303888458939,0.24724483500433184,0,0.99102073286836312,-0.0330586831455613,0.12955710284534547,0,-3.5390502469973457,-0.30990700765293244,-21.212199999580228,1.0000000000000002]},"name":"","normalMatrix":{"elements":[0.13370833551235464,0.24502475624691386,-0.96025253836514846,-1.3139203673076527E-08,0.9689530388845875,0.24724483500433866,0.991020720575796,-0.033058682735502574,0.12955710123832634]},"parent":"C73E6E66-F4A1-40CF-9193-9E5121A89894","position":{"x":-7.2709875106811523,"y":0.30000010132789612,"z":2.5772945880889893},"quaternion":{"x":-5.6582638308100286E-07,"y":0.99821525812149048,"z":4.87380482638855E-08,"w":0.059718519449234009},"receiveShadow":true,"renderOrder":0,"rotation":{"x":-3.1415924875225478,"y":0.11950814467437104,"z":3.14159150997869,"order":"XYZ"},"scale":{"x":1,"y":1,"z":1},"type":"Mesh","up":{"x":0,"y":1,"z":0},"userData":{"physicsBody":{"ptr":8476688}},"uuid":"1DB5287F-7127-4150-B98E-120AFDB757B9","visible":true,"isObject3D":true,"drawMode":0,"geometry":{"metadata":{"generator":"BoxBufferGeometrySerializer","type":"Object","version":"0.0.1"},"boundingBox":null,"boundingSphere":{"center":{"x":0,"y":0,"z":0},"radius":0.73484695203514661},"drawRange":{"start":0,"count":null},"groups":[{"start":0,"count":6,"materialIndex":0},{"start":6,"count":6,"materialIndex":1},{"start":12,"count":6,"materialIndex":2},{"start":18,"count":6,"materialIndex":3},{"start":24,"count":6,"materialIndex":4},{"start":30,"count":6,"materialIndex":5}],"morphAttributes":{},"name":"","parameters":{"width":0.6,"height":0.6,"depth":1.2,"widthSegments":1,"heightSegments":1,"depthSegments":1},"type":"BoxBufferGeometry","userData":{},"uuid":"5B1B1244-C1BD-4BFE-99EE-4F8334048172"},"material":{"metadata":{"generator":"MeshPhongMaterialSerializer","type":"Object","version":"0.0.1"},"alphaMap":null,"alphaTest":0,"aoMap":null,"aoMapIntensity":1,"blendDst":205,"blendDstAlpha":null,"blendEquation":100,"blendEquationAlpha":null,"blendSrc":204,"blendSrcAlpha":null,"blending":1,"bumpMap":null,"bumpScale":1,"clipIntersection":false,"clippingPlanes":null,"color":5492418,"colorWrite":true,"depthFunc":3,"depthTest":true,"depthWrite":true,"displacementBias":0,"displacementMap":null,"displacementScale":1,"dithering":false,"emissive":0,"emissiveIntensity":1,"emissiveMap":null,"envMap":null,"flatShading":false,"fog":true,"lightMap":null,"lightMapIntensity":1,"lights":true,"map":null,"metalnessMap":null,"morphNormals":false,"morphTargets":false,"name":"","normalMap":null,"normalScale":{"x":1,"y":1},"opacity":1,"overdraw":0,"polygonOffset":false,"polygonOffsetFactor":0,"polygonOffsetUnits":0,"precision":null,"premultipliedAlpha":false,"refractionRatio":0.98,"roughnessMap":null,"shadowSide":null,"side":0,"skinning":false,"transparent":false,"type":"MeshPhongMaterial","userData":{},"uuid":"1658AF6F-BD69-49F9-994C-E1F5CAFADE67","vertexColors":0,"visible":true,"wireframe":false,"wireframeLinecap":"round","wireframeLinejoin":"round","wireframeLinewidth":1}},{"_id":"5bba0314c8b49e43947f5ba2","metadata":{"generator":"MeshSerializer","type":"Object","version":"0.0.1"},"castShadow":true,"children":[],"frustumCulled":true,"layers":{"mask":1},"matrix":{"elements":[0.99751198649380857,0.0001068016920063755,-0.070496987469973876,0,-0.00010175731531689288,0.99999999199928191,7.5145753679008756E-05,0,0.070496994931641216,-6.7785205620866338E-05,0.99751198938085028,0,-0.16543924808502197,0.29998087882995605,0.61812680959701538,1]},"matrixAutoUpdate":true,"matrixWorld":{"elements":[0.99751198649380857,0.0001068016920063755,-0.070496987469973876,0,-0.00010175731531689288,0.99999999199928191,7.5145753679008756E-05,0,0.070496994931641216,-6.7785205620866338E-05,0.99751198938085028,0,-0.16543924808502197,0.29998087882995605,0.61812680959701538,1]},"matrixWorldNeedsUpdate":false,"modelViewMatrix":{"elements":[0.055924482696849284,-0.24675550876758345,0.96746274914112751,0,-7.3651951880244877E-05,0.96897817800455455,0.24714628284957726,0,-0.998434998714612,-0.013892783538439297,0.054171429324638115,0,-1.6838416932115923,-2.0736290992436608,-14.300279853750375,1.0000000000000002]},"name":"","normalMatrix":{"elements":[0.055924482705362953,-0.24675550880529723,0.96746274928836884,-7.36519516640288E-05,0.9689781780045964,0.24714628284941595,-0.99843499886660636,-0.013892783540772412,0.054171429332828994]},"parent":"C73E6E66-F4A1-40CF-9193-9E5121A89894","position":{"x":-0.16543924808502197,"y":0.29998087882995605,"z":0.61812680959701538},"quaternion":{"x":3.575498703867197E-05,"y":0.035270441323518753,"z":5.2172214054735377E-05,"w":0.9993777871131897},"receiveShadow":true,"renderOrder":0,"rotation":{"x":6.7954276478021148E-05,"y":0.070555518880432211,"z":0.00010201112000828389,"order":"XYZ"},"scale":{"x":1,"y":1,"z":1},"type":"Mesh","up":{"x":0,"y":1,"z":0},"userData":{"physicsBody":{"ptr":8478448}},"uuid":"DE88DB92-A138-4B62-A218-A6FC6B5C3F60","visible":true,"isObject3D":true,"drawMode":0,"geometry":{"metadata":{"generator":"BoxBufferGeometrySerializer","type":"Object","version":"0.0.1"},"boundingBox":null,"boundingSphere":{"center":{"x":0,"y":0,"z":0},"radius":0.73484695203514661},"drawRange":{"start":0,"count":null},"groups":[{"start":0,"count":6,"materialIndex":0},{"start":6,"count":6,"materialIndex":1},{"start":12,"count":6,"materialIndex":2},{"start":18,"count":6,"materialIndex":3},{"start":24,"count":6,"materialIndex":4},{"start":30,"count":6,"materialIndex":5}],"morphAttributes":{},"name":"","parameters":{"width":0.6,"height":0.6,"depth":1.2,"widthSegments":1,"heightSegments":1,"depthSegments":1},"type":"BoxBufferGeometry","userData":{},"uuid":"7B9CE431-7AB6-4B28-B8E9-C9F69AF30DFB"},"material":{"metadata":{"generator":"MeshPhongMaterialSerializer","type":"Object","version":"0.0.1"},"alphaMap":null,"alphaTest":0,"aoMap":null,"aoMapIntensity":1,"blendDst":205,"blendDstAlpha":null,"blendEquation":100,"blendEquationAlpha":null,"blendSrc":204,"blendSrcAlpha":null,"blending":1,"bumpMap":null,"bumpScale":1,"clipIntersection":false,"clippingPlanes":null,"color":15984064,"colorWrite":true,"depthFunc":3,"depthTest":true,"depthWrite":true,"displacementBias":0,"displacementMap":null,"displacementScale":1,"dithering":false,"emissive":0,"emissiveIntensity":1,"emissiveMap":null,"envMap":null,"flatShading":false,"fog":true,"lightMap":null,"lightMapIntensity":1,"lights":true,"map":null,"metalnessMap":null,"morphNormals":false,"morphTargets":false,"name":"","normalMap":null,"normalScale":{"x":1,"y":1},"opacity":1,"overdraw":0,"polygonOffset":false,"polygonOffsetFactor":0,"polygonOffsetUnits":0,"precision":null,"premultipliedAlpha":false,"refractionRatio":0.98,"roughnessMap":null,"shadowSide":null,"side":0,"skinning":false,"transparent":false,"type":"MeshPhongMaterial","userData":{},"uuid":"3D22B954-A146-46B0-B335-1252CC046348","vertexColors":0,"visible":true,"wireframe":false,"wireframeLinecap":"round","wireframeLinejoin":"round","wireframeLinewidth":1}},{"_id":"5bba0314c8b49e43947f5ba3","metadata":{"generator":"MeshSerializer","type":"Object","version":"0.0.1"},"castShadow":true,"children":[],"frustumCulled":true,"layers":{"mask":1},"matrix":{"elements":[0.998057660370095,0.0004196631267873615,-0.062295508411602848,0,-0.00040901743528356133,0.9999998994900865,0.00018364245094415054,0,0.06229557921825353,-0.00015780580524737346,0.99805773170494583,0,-0.0055382461287081242,0.29974353313446045,1.8205121755599976,1]},"matrixAutoUpdate":true,"matrixWorld":{"elements":[0.998057660370095,0.0004196631267873615,-0.062295508411602848,0,-0.00040901743528356133,0.9999998994900865,0.00018364245094415054,0,0.06229557921825353,-0.00015780580524737346,0.99805773170494583,0,-0.0055382461287081242,0.29974353313446045,1.8205121755599976,1]},"matrixWorldNeedsUpdate":false,"modelViewMatrix":{"elements":[0.047715910398872179,-0.2465576537882658,0.96795274428148637,0,-0.0001776506802282103,0.96905444077038339,0.24684703616497164,0,-0.99886093138328036,-0.011950488522738122,0.046195513732669238,0,-2.8884336443102954,-2.1090489830144112,-14.162429869262045,1.0000000000000002]},"name":"","normalMatrix":{"elements":[0.047715910403224142,-0.24655765381098702,0.96795274436967471,-0.000177650679634428,0.96905444077045655,0.24684703616470291,-0.998860931474345,-0.011950488524414871,0.046195513736729595]},"parent":"C73E6E66-F4A1-40CF-9193-9E5121A89894","position":{"x":-0.0055382461287081242,"y":0.29974353313446045,"z":1.8205121755599976},"quaternion":{"x":8.5403546108864248E-05,"y":0.031162908300757408,"z":0.00020727081573568285,"w":0.99951428174972534},"receiveShadow":true,"renderOrder":0,"rotation":{"x":0.000158112901608174,"y":0.062335941893990492,"z":0.00040981340921138426,"order":"XYZ"},"scale":{"x":1,"y":1,"z":1},"type":"Mesh","up":{"x":0,"y":1,"z":0},"userData":{"physicsBody":{"ptr":8480000}},"uuid":"1316C74B-D170-455D-A3EA-1045A01FC59B","visible":true,"isObject3D":true,"drawMode":0,"geometry":{"metadata":{"generator":"BoxBufferGeometrySerializer","type":"Object","version":"0.0.1"},"boundingBox":null,"boundingSphere":{"center":{"x":0,"y":0,"z":0},"radius":0.73484695203514661},"drawRange":{"start":0,"count":null},"groups":[{"start":0,"count":6,"materialIndex":0},{"start":6,"count":6,"materialIndex":1},{"start":12,"count":6,"materialIndex":2},{"start":18,"count":6,"materialIndex":3},{"start":24,"count":6,"materialIndex":4},{"start":30,"count":6,"materialIndex":5}],"morphAttributes":{},"name":"","parameters":{"width":0.6,"height":0.6,"depth":1.2,"widthSegments":1,"heightSegments":1,"depthSegments":1},"type":"BoxBufferGeometry","userData":{},"uuid":"B52D25CF-2731-4CFD-B18B-4A587F12E99B"},"material":{"metadata":{"generator":"MeshPhongMaterialSerializer","type":"Object","version":"0.0.1"},"alphaMap":null,"alphaTest":0,"aoMap":null,"aoMapIntensity":1,"blendDst":205,"blendDstAlpha":null,"blendEquation":100,"blendEquationAlpha":null,"blendSrc":204,"blendSrcAlpha":null,"blending":1,"bumpMap":null,"bumpScale":1,"clipIntersection":false,"clippingPlanes":null,"color":6480289,"colorWrite":true,"depthFunc":3,"depthTest":true,"depthWrite":true,"displacementBias":0,"displacementMap":null,"displacementScale":1,"dithering":false,"emissive":0,"emissiveIntensity":1,"emissiveMap":null,"envMap":null,"flatShading":false,"fog":true,"lightMap":null,"lightMapIntensity":1,"lights":true,"map":null,"metalnessMap":null,"morphNormals":false,"morphTargets":false,"name":"","normalMap":null,"normalScale":{"x":1,"y":1},"opacity":1,"overdraw":0,"polygonOffset":false,"polygonOffsetFactor":0,"polygonOffsetUnits":0,"precision":null,"premultipliedAlpha":false,"refractionRatio":0.98,"roughnessMap":null,"shadowSide":null,"side":0,"skinning":false,"transparent":false,"type":"MeshPhongMaterial","userData":{},"uuid":"E63935CE-C177-494D-8374-423626D1095C","vertexColors":0,"visible":true,"wireframe":false,"wireframeLinecap":"round","wireframeLinejoin":"round","wireframeLinewidth":1}},{"_id":"5bba0314c8b49e43947f5ba4","metadata":{"generator":"MeshSerializer","type":"Object","version":"0.0.1"},"castShadow":true,"children":[],"frustumCulled":true,"layers":{"mask":1},"matrix":{"elements":[0.99023612349530332,0.00063789525243196973,-0.13939875574926419,0,-0.00069524111356856436,0.99999969254972254,-0.00036268479917980941,0,0.13939848153617063,0.00045605933438195266,0.9902362625379314,0,0.04783293604850769,0.29983803629875183,3.1775474548339844,1]},"matrixAutoUpdate":true,"matrixWorld":{"elements":[0.99023612349530332,0.00063789525243196973,-0.13939875574926419,0,-0.00069524111356856436,0.99999969254972254,-0.00036268479917980941,0,0.13939848153617063,0.00045605933438195266,0.9902362625379314,0,0.04783293604850769,0.29983803629875183,3.1775474548339844,1]},"matrixWorldNeedsUpdate":false,"modelViewMatrix":{"elements":[0.12492514289586153,-0.24469091182603861,0.96151966523415011,0,0.00037279757158838281,0.96912302804687223,0.24657740677369686,0,-0.99216609999748384,-0.030445265581204983,0.12115905293980536,0,-4.2461035465325017,-2.1172527596426693,-14.129897180147138,1.0000000000000002]},"name":"","normalMatrix":{"elements":[0.12492514285966162,-0.24469091175595137,0.96151966495528973,0.00037279757010721276,0.96912302804702921,0.24657740677304418,-0.99216609970995628,-0.030445265571038115,0.12115905290503159]},"parent":"C73E6E66-F4A1-40CF-9193-9E5121A89894","position":{"x":0.04783293604850769,"y":0.29983803629875183,"z":3.1775474548339844},"quaternion":{"x":-0.00020518750534392893,"y":0.069870069622993469,"z":0.00033410062314942479,"w":0.99755603075027466},"receiveShadow":true,"renderOrder":0,"rotation":{"x":-0.00046055605050040511,"y":0.13985393932167697,"z":0.00070209617972464774,"order":"XYZ"},"scale":{"x":1,"y":1,"z":1},"type":"Mesh","up":{"x":0,"y":1,"z":0},"userData":{"physicsBody":{"ptr":8482016}},"uuid":"34775C2E-1560-4910-B805-D903945BF527","visible":true,"isObject3D":true,"drawMode":0,"geometry":{"metadata":{"generator":"BoxBufferGeometrySerializer","type":"Object","version":"0.0.1"},"boundingBox":null,"boundingSphere":{"center":{"x":0,"y":0,"z":0},"radius":0.73484695203514661},"drawRange":{"start":0,"count":null},"groups":[{"start":0,"count":6,"materialIndex":0},{"start":6,"count":6,"materialIndex":1},{"start":12,"count":6,"materialIndex":2},{"start":18,"count":6,"materialIndex":3},{"start":24,"count":6,"materialIndex":4},{"start":30,"count":6,"materialIndex":5}],"morphAttributes":{},"name":"","parameters":{"width":0.6,"height":0.6,"depth":1.2,"widthSegments":1,"heightSegments":1,"depthSegments":1},"type":"BoxBufferGeometry","userData":{},"uuid":"873926B1-43D3-4B29-889C-BDA02F6F1327"},"material":{"metadata":{"generator":"MeshPhongMaterialSerializer","type":"Object","version":"0.0.1"},"alphaMap":null,"alphaTest":0,"aoMap":null,"aoMapIntensity":1,"blendDst":205,"blendDstAlpha":null,"blendEquation":100,"blendEquationAlpha":null,"blendSrc":204,"blendSrcAlpha":null,"blending":1,"bumpMap":null,"bumpScale":1,"clipIntersection":false,"clippingPlanes":null,"color":10448966,"colorWrite":true,"depthFunc":3,"depthTest":true,"depthWrite":true,"displacementBias":0,"displacementMap":null,"displacementScale":1,"dithering":false,"emissive":0,"emissiveIntensity":1,"emissiveMap":null,"envMap":null,"flatShading":false,"fog":true,"lightMap":null,"lightMapIntensity":1,"lights":true,"map":null,"metalnessMap":null,"morphNormals":false,"morphTargets":false,"name":"","normalMap":null,"normalScale":{"x":1,"y":1},"opacity":1,"overdraw":0,"polygonOffset":false,"polygonOffsetFactor":0,"polygonOffsetUnits":0,"precision":null,"premultipliedAlpha":false,"refractionRatio":0