{"Code":200,"Msg":"获取成功！","Data":[{"_id":"5bba03a6c8b49e43947f5bfc","metadata":{"generator":"OptionsSerializer","type":"Object","version":"0.0.1"},"server":"http://localhost:2000","theme":"assets/css/light.css","showGrid":true,"showCameraHelper":true,"showPointLightHelper":false,"showDirectionalLightHelper":true,"showSpotLightHelper":true,"showHemisphereLightHelper":true,"showRectAreaLightHelper":true,"showSkeletonHelper":false},{"_id":"5bba03a6c8b49e43947f5bfd","metadata":{"generator":"PerspectiveCameraSerializer","type":"Object","version":"0.0.1"},"castShadow":false,"children":["2B08E5E9-6558-4BD2-B755-657E867D25E9"],"frustumCulled":true,"layers":{"mask":1},"matrix":{"elements":[0.70710678118654768,1.3877787807814457E-17,-0.70710678118654746,0,-0.23570226039551578,0.94280904158206336,-0.23570226039551584,0,0.66666666666666652,0.33333333333333331,0.66666666666666674,0,7.2887864922631227,7.2102785546332075,6.53999623542026,1]},"matrixAutoUpdate":true,"matrixWorld":{"elements":[0.70710678118654768,1.3877787807814457E-17,-0.70710678118654746,0,-0.23570226039551578,0.94280904158206336,-0.23570226039551584,0,0.66666666666666652,0.33333333333333331,0.66666666666666674,0,7.2887864922631227,7.2102785546332075,6.53999623542026,1]},"matrixWorldNeedsUpdate":false,"modelViewMatrix":{"elements":[1,0,0,0,0,1,0,0,0,0,1,0,0,0,0,1]},"name":"默认相机","normalMatrix":{"elements":[1,0,0,0,1,0,0,0,1]},"parent":null,"position":{"x":7.2887864922631227,"y":7.2102785546332075,"z":6.53999623542026},"quaternion":{"x":-0.15622985705189124,"y":0.3771722397422857,"z":0.064712525638503271,"w":0.9105743365364628},"receiveShadow":false,"renderOrder":0,"rotation":{"x":-0.46364760900080609,"y":0.72972765622696611,"z":0.32175055439664207,"order":"XYZ"},"scale":{"x":1,"y":1,"z":1},"type":"PerspectiveCamera","up":{"x":0,"y":1,"z":0},"userData":{"isDefault":true},"uuid":"9E4FBB0D-45BC-4687-8F42-7A7DA27E36A2","visible":true,"isObject3D":true,"matrixWorldInverse":{"elements":[0.70710678118654757,-0.23570226039551581,0.66666666666666663,0,2.7755575615628914E-17,0.94280904158206336,0.33333333333333331,0,-0.70710678118654735,-0.23570226039551589,0.66666666666666685,0,-0.52947466830000667,-3.5384404661999995,-11.622614669999992,1]},"projectionMatrix":{"elements":[0.99587786462210648,0,0,0,0,2.1445069205095586,0,0,0,0,-1.0000200002000021,-1,0,0,-0.20000200002000021,0]},"aspect":2.1533834586466165,"far":10000,"filmGauge":35,"filmOffset":0,"focus":10,"fov":50,"near":0.1,"view":null,"zoom":1},{"_id":"5bba03a6c8b49e43947f5bfe","metadata":{"generator":"WebGLRendererSerializer","type":"Object","version":"0.0.1"},"antialias":true,"autoClear":false,"autoClearColor":true,"autoClearDepth":true,"autoClearStencil":true,"autoUpdateScene":false,"clippingPlanes":[],"gammaFactor":2,"gammaInput":false,"gammaOutput":false,"localClippingEnabled":false,"physicallyCorrectLights":false,"shadowMap":{"metadata":{"generator":"WebGLShadowMapSerializer","type":"Object","version":"0.0.1"},"autoUpdate":true,"enabled":true,"needsUpdate":false,"type":2},"sortObjects":true,"toneMapping":1,"toneMappingExposure":1,"toneMappingWhitePoint":1},{"_id":"5bba03a6c8b49e43947f5bff","metadata":{"generator":"AnimationSerializer","type":"Object","version":"0.0.1"},"id":null,"uuid":"FE5577A1-329F-475B-B1BC-1F28F282E245","name":"组1","type":"AnimationGroup","index":1,"animations":[]},{"_id":"5bba03a6c8b49e43947f5c00","metadata":{"generator":"AnimationSerializer","type":"Object","version":"0.0.1"},"id":null,"uuid":"B401533B-F611-4FFC-B617-0CE236AB3986","name":"组2","type":"AnimationGroup","index":1,"animations":[]},{"_id":"5bba03a6c8b49e43947f5c01","metadata":{"generator":"AnimationSerializer","type":"Object","version":"0.0.1"},"id":null,"uuid":"24CDE618-3177-42EC-91A7-467A0EBF8614","name":"组3","type":"AnimationGroup","index":2,"animations":[]},{"_id":"5bba03a6c8b49e43947f5c02","metadata":{"generator":"AudioListenerSerializer","type":"Object","version":"0.0.1"},"castShadow":false,"children":[],"frustumCulled":true,"layers":{"mask":1},"matrix":{"elements":[1,0,0,0,0,1,0,0,0,0,1,0,0,0,0,1]},"matrixAutoUpdate":true,"matrixWorld":{"elements":[0.70710678118654768,1.3877787807814457E-17,-0.70710678118654746,0,-0.23570226039551578,0.94280904158206336,-0.23570226039551584,0,0.66666666666666652,0.33333333333333331,0.66666666666666674,0,7.2887864922631227,7.2102785546332075,6.53999623542026,1]},"matrixWorldNeedsUpdate":false,"modelViewMatrix":{"elements":[1,0,0,0,0,1,0,0,0,0,1,0,0,0,0,1]},"name":"音频监听器","normalMatrix":{"elements":[1,0,0,0,1,0,0,0,1]},"parent":"9E4FBB0D-45BC-4687-8F42-7A7DA27E36A2","position":{"x":0,"y":0,"z":0},"quaternion":{"x":0,"y":0,"z":0,"w":1},"receiveShadow":false,"renderOrder":0,"rotation":{"x":0,"y":0,"z":0,"order":"XYZ"},"scale":{"x":1,"y":1,"z":1},"type":"AudioListener","up":{"x":0,"y":1,"z":0},"userData":{},"uuid":"2B08E5E9-6558-4BD2-B755-657E867D25E9","visible":true,"isObject3D":true,"masterVolume":1},{"_id":"5bba03a6c8b49e43947f5c03","metadata":{"generator":"SceneSerializer","type":"Object","version":"0.0.1"},"castShadow":false,"children":["14FA3829-3AFF-42F6-88CE-0693813CDF52","94D0BA10-7A79-4FFB-AEB4-00794A322165","B34E7FC0-5B13-4251-AF9C-81584D1226B0"],"frustumCulled":true,"layers":{"mask":1},"matrix":{"elements":[1,0,0,0,0,1,0,0,0,0,1,0,0,0,0,1]},"matrixAutoUpdate":true,"matrixWorld":{"elements":[1,0,0,0,0,1,0,0,0,0,1,0,0,0,0,1]},"matrixWorldNeedsUpdate":false,"modelViewMatrix":{"elements":[1,0,0,0,0,1,0,0,0,0,1,0,0,0,0,1]},"name":"场景","normalMatrix":{"elements":[1,0,0,0,1,0,0,0,1]},"parent":null,"position":{"x":0,"y":0,"z":0},"quaternion":{"x":0,"y":0,"z":0,"w":1},"receiveShadow":false,"renderOrder":0,"rotation":{"x":0,"y":0,"z":0,"order":"XYZ"},"scale":{"x":1,"y":1,"z":1},"type":"Scene","up":{"x":0,"y":1,"z":0},"userData":{},"uuid":"DE86AE86-A554-4471-9C53-731C063E0AAE","visible":true,"isObject3D":true,"background":11184810,"fog":null,"overrideMaterial":null},{"_id":"5bba03a6c8b49e43947f5c04","metadata":{"generator":"AmbientLightSerializer","type":"Object","version":"0.0.1"},"children":[],"frustumCulled":true,"layers":{"mask":1},"matrix":{"elements":[1,0,0,0,0,1,0,0,0,0,1,0,0,0,0,1]},"matrixAutoUpdate":true,"matrixWorld":{"elements":[1,0,0,0,0,1,0,0,0,0,1,0,0,0,0,1]},"matrixWorldNeedsUpdate":false,"modelViewMatrix":{"elements":[1,0,0,0,0,1,0,0,0,0,1,0,0,0,0,1]},"name":"环境光","normalMatrix":{"elements":[1,0,0,0,1,0,0,0,1]},"parent":"DE86AE86-A554-4471-9C53-731C063E0AAE","position":{"x":0,"y":0,"z":0},"quaternion":{"x":0,"y":0,"z":0,"w":1},"renderOrder":0,"rotation":{"x":0,"y":0,"z":0,"order":"XYZ"},"scale":{"x":1,"y":1,"z":1},"type":"AmbientLight","up":{"x":0,"y":1,"z":0},"userData":{},"uuid":"14FA3829-3AFF-42F6-88CE-0693813CDF52","visible":true,"isObject3D":true,"color":16777215,"intensity":0.24,"isLight":true,"shadow":null,"isAmbientLight":true},{"_id":"5bba03a6c8b49e43947f5c05","metadata":{"generator":"DirectionalLightSerializer","type":"Object","version":"0.0.1"},"castShadow":true,"children":[],"frustumCulled":true,"layers":{"mask":1},"matrix":{"elements":[1,0,0,0,0,1,0,0,0,0,1,0,5,10,7.5,1]},"matrixAutoUpdate":true,"matrixWorld":{"elements":[1,0,0,0,0,1,0,0,0,0,1,0,5,10,7.5,1]},"matrixWorldNeedsUpdate":false,"modelViewMatrix":{"elements":[1,0,0,0,0,1,0,0,0,0,1,0,0,0,0,1]},"name":"平行光","normalMatrix":{"elements":[1,0,0,0,1,0,0,0,1]},"parent":"DE86AE86-A554-4471-9C53-731C063E0AAE","position":{"x":5,"y":10,"z":7.5},"quaternion":{"x":0,"y":0,"z":0,"w":1},"renderOrder":0,"rotation":{"x":0,"y":0,"z":0,"order":"XYZ"},"scale":{"x":1,"y":1,"z":1},"type":"DirectionalLight","up":{"x":0,"y":1,"z":0},"userData":{},"uuid":"94D0BA10-7A79-4FFB-AEB4-00794A322165","visible":true,"isObject3D":true,"color":16777215,"intensity":0.56,"isLight":true,"shadow":{"metadata":{"generator":"DirectionalLightShadowSerializer","type":"Object","version":"0.0.1"},"bias":0,"camera":{"metadata":{"generator":"OrthographicCameraSerializer","type":"Object","version":"0.0.1"},"castShadow":false,"children":[],"frustumCulled":true,"layers":{"mask":1},"matrix":{"elements":[0.83205029433784372,2.7755575615628914E-17,-0.554700196225229,0,-0.41202096209968375,0.66953406341198618,-0.61803144314952574,0,0.37139067635410372,0.74278135270820744,0.55708601453115558,0,5,10,7.5,1]},"matrixAutoUpdate":true,"matrixWorld":{"elements":[0.83205029433784372,2.7755575615628914E-17,-0.554700196225229,0,-0.41202096209968375,0.66953406341198618,-0.61803144314952574,0,0.37139067635410372,0.74278135270820744,0.55708601453115558,0,5,10,7.5,1]},"matrixWorldNeedsUpdate":false,"modelViewMatrix":{"elements":[1,0,0,0,0,1,0,0,0,0,1,0,0,0,0,1]},"name":"","normalMatrix":{"elements":[1,0,0,0,1,0,0,0,1]},"parent":null,"position":{"x":5,"y":10,"z":7.5},"quaternion":{"x":-0.38904698186552672,"y":0.26476298577359092,"z":0.1177939480420426,"w":0.87445273918619892},"receiveShadow":false,"renderOrder":0,"rotation":{"x":-0.92729521800161219,"y":0.3805063771123649,"z":0.45979025757734426,"order":"XYZ"},"scale":{"x":1,"y":1,"z":1},"type":"OrthographicCamera","up":{"x":0,"y":1,"z":0},"userData":{},"uuid":"37CC5DA1-A984-4BC2-80C8-7F3FB12F6D28","visible":true,"isObject3D":true,"matrixWorldInverse":{"elements":[0.83205029433784372,-0.41202096209968375,0.37139067635410367,0,-5.5511151231257827E-17,0.66953406341198618,0.74278135270820744,0,-0.55470019622522915,-0.61803144314952574,0.55708601453115558,0,0,0,-13.46291201783626,1]},"projectionMatrix":{"elements":[0.01,0,0,0,0,0.01,0,0,0,0,-0.004004004004004004,0,0,0,-1.002002002002002,1]},"bottom":-100,"far":500,"left":-100,"near":0.5,"right":100,"top":100,"view":null,"zoom":1},"map":{"metadata":{"generator":"WebGLRenderTargetSerializer","type":"Object","version":"0.0.1"},"depthBuffer":true,"depthTexture":null,"height":2048,"scissor":{"x":0,"y":0,"z":2048,"w":2048},"scissorTest":false,"stencilBuffer":true,"texture":{"metadata":{"generator":"TextureSerializer","type":"Object","version":"0.0.1"},"anisotropy":1,"center":{"x":0,"y":0},"encoding":3000,"flipY":true,"format":1023,"generateMipmaps":true,"image":null,"magFilter":1003,"mapping":300,"matrix":{"elements":[1,0,0,0,1,0,0,0,1]},"matrixAutoUpdate":true,"minFilter":1003,"mipmaps":[],"name":"平行光.shadowMap","offset":{"x":0,"y":0},"premultiplyAlpha":false,"repeat":{"x":1,"y":1},"rotation":0,"type":1009,"unpackAlignment":4,"uuid":"485A1A7B-BAD0-49EC-A1A5-5FC1DC7D55EA","version":0,"wrapS":1001,"wrapT":1001,"isTexture":true},"viewport":{"x":0,"y":0,"z":2048,"w":2048},"width":2048,"isWebGLRenderTarget":true},"mapSize":{"x":2048,"y":2048},"matrix":{"elements":[0.0041602514716892183,-0.0020601048104984189,-0.00074352487758579317,0,-2.7755575615628914E-19,0.0033476703170599309,-0.0014870497551715866,0,-0.002773500981126146,-0.0030901572157476286,-0.00111528731637869,0,0.5,0.5,0.025951775811484026,1]},"radius":1},"isDirectionalLight":true},{"_id":"5bba03a6c8b49e43947f5c06","metadata":{"generator":"SmokeSerializer","type":"Object","version":"0.0.1"},"castShadow":false,"children":[],"frustumCulled":true,"layers":{"mask":1},"matrix":{"elements":[1,0,0,0,0,1,0,0,0,0,1,0,0,3,0,1]},"matrixAutoUpdate":true,"matrixWorld":{"elements":[1,0,0,0,0,1,0,0,0,0,1,0,0,3,0,1]},"matrixWorldNeedsUpdate":false,"modelViewMatrix":{"elements":[0.70710678118654757,-0.23570226039551581,0.66666666666666663,0,2.7755575615628914E-17,0.94280904158206336,0.33333333333333331,0,-0.70710678118654735,-0.23570226039551589,0.66666666666666685,0,-0.52947466830000656,-0.71001334145380968,-10.622614669999992,1]},"name":"烟","normalMatrix":{"elements":[0.70710678118654768,-0.23570226039551581,0.66666666666666652,0,0.94280904158206336,0.33333333333333331,-0.70710678118654746,-0.23570226039551581,0.66666666666666674]},"parent":"DE86AE86-A554-4471-9C53-731C063E0AAE","position":{"x":0,"y":3,"z":0},"quaternion":{"x":0,"y":0,"z":0,"w":1},"receiveShadow":false,"renderOrder":0,"rotation":{"x":0,"y":0,"z":0,"order":"XYZ"},"scale":{"x":1,"y":1,"z":1},"type":"Points","up":{"x":0,"y":1,"z":0},"userData":{"type":"Smoke","smoke":null},"uuid":"B34E7FC0-5B13-4251-AF9C-81584D1226B0","visible":true,"isObject3D":true,"geometry":null,"material":{"metadata":{"generator":"ShaderMaterialSerializer","type":"Object","version":"0.0.1"},"alphaMap":null,"alphaTest":0,"aoMap":null,"blendDst":205,"blendDstAlpha":null,"blendEquation":100,"blendEquationAlpha":null,"blendSrc":204,"blendSrcAlpha":null,"blending":2,"bumpMap":null,"clipIntersection":false,"clippingPlanes":null,"colorWrite":true,"depthFunc":3,"depthTest":true,"depthWrite":false,"displacementMap":null,"dithering":false,"emissiveMap":null,"envMap":null,"flatShading":false,"fog":false,"lightMap":null,"lights":false,"linewidth":1,"map":null,"metalnessMap":null,"morphNormals":false,"morphTargets":false,"name":"","normalMap":null,"opacity":1,"overdraw":0,"polygonOffset":false,"polygonOffsetFactor":0,"polygonOffsetUnits":0,"precision":null,"premultipliedAlpha":false,"roughnessMap":null,"shadowSide":null,"side":0,"skinning":false,"transparent":true,"type":"ShaderMaterial","userData":{},"uuid":"B0DA3CB2-BC9E-4F50-9316-D2DCA50C837B","vertexColors":0,"visible":true,"wireframe":false,"wireframeLinewidth":1,"defines":{},"uniforms":{"time":{"value":0},"size":{"value":3},"texture":{"value":{"metadata":{"version":4.5,"type":"Texture","generator":"Texture.toJSON"},"uuid":"6152EB1F-EAD8-4942-958F-4FBA9546BDC2","name":"","mapping":300,"repeat":[1,1],"offset":[0,0],"center":[0,0],"rotation":0,"wrap":[1001,1001],"format":1023,"minFilter":1008,"magFilter":1006,"anisotropy":1,"flipY":true,"image":"9612F305-F773-4639-B950-B5D1BAF835F4"}},"lifetime":{"value":10},"projection":{"value":279.0006273664456}},"vertexShader":"attribute float shift;\r\nuniform float time;\r\nuniform float size;\r\nuniform float lifetime;\r\nuniform float projection;\r\nvarying float progress;\r\n\r\nfloat cubicOut( float t ) {\r\n\r\n  float f = t - 1.0;\r\n  return f * f * f + 1.0;\r\n\r\n}\r\n\r\nvoid main () {\r\n\r\n  progress = fract( time * 2. / lifetime + shift );\r\n  float eased = cubicOut( progress );\r\n  vec3 pos = vec3( position.x * eased, position.y * eased, position.z );\r\n  gl_Position = projectionMatrix * modelViewMatrix * vec4( pos, 1. );\r\n  gl_PointSize = ( projection * size ) / gl_Position.w;\r\n\r\n}","fragmentShader":"uniform sampler2D texture;\r\nvarying float progress;\r\n\r\nvoid main() {\r\n\r\n  vec3 color = vec3( 1. );\r\n  gl_FragColor = texture2D( texture, gl_PointCoord ) * vec4( color, .3 * ( 1. - progress ) );\r\n\r\n}"}}]}