{"Code":200,"Msg":"获取成功！","Data":[{"_id":"5bba036ac8b49e43947f5bd9","metadata":{"generator":"OptionsSerializer","type":"Object","version":"0.0.1"},"server":"http://localhost:2000","theme":"assets/css/light.css","showGrid":true,"showCameraHelper":true,"showPointLightHelper":false,"showDirectionalLightHelper":true,"showSpotLightHelper":true,"showHemisphereLightHelper":true,"showRectAreaLightHelper":true,"showSkeletonHelper":false},{"_id":"5bba036ac8b49e43947f5bda","metadata":{"generator":"PerspectiveCameraSerializer","type":"Object","version":"0.0.1"},"castShadow":false,"children":["D1A0B4EC-15C7-4837-A207-7821EC83DAF7"],"frustumCulled":true,"layers":{"mask":1},"matrix":{"elements":[0.0203967488650032,-6.9388939039072284E-18,-0.99979196467852138,0,-0.11456083591128785,0.99341348520276207,-0.0023371548105997481,0,0.99320682010900674,0.11458467357069063,0.020262405376788362,0,6.8397289512865376,6.105798591047586,-0.73527459919154869,1]},"matrixAutoUpdate":true,"matrixWorld":{"elements":[0.0203967488650032,-6.9388939039072284E-18,-0.99979196467852138,0,-0.11456083591128785,0.99341348520276207,-0.0023371548105997481,0,0.99320682010900674,0.11458467357069063,0.020262405376788362,0,6.8397289512865376,6.105798591047586,-0.73527459919154869,1]},"matrixWorldNeedsUpdate":false,"modelViewMatrix":{"elements":[1,0,0,0,0,1,0,0,0,0,1,0,0,0,0,1]},"name":"默认相机","normalMatrix":{"elements":[1,0,0,0,1,0,0,0,1]},"parent":null,"position":{"x":6.8397289512865376,"y":6.105798591047586,"z":-0.73527459919154869},"quaternion":{"x":-0.0409904204828789,"y":0.69870493252892,"z":0.0401627044315466,"w":0.7131045925116023},"receiveShadow":false,"renderOrder":0,"rotation":{"x":-1.3957722279110671,"y":1.4541696997344855,"z":1.3945996675311918,"order":"XYZ"},"scale":{"x":1,"y":1,"z":1},"type":"PerspectiveCamera","up":{"x":0,"y":1,"z":0},"userData":{"isDefault":true},"uuid":"CBDAE3F8-5645-4EDD-BBC7-01C6B78D843F","visible":true,"isObject3D":true,"matrixWorldInverse":{"elements":[0.020396748865003252,-0.11456083591128784,0.99320682010900674,0,4.7704895589362195E-18,0.99341348520276185,0.11458467357069063,0,-0.99979196467852161,-0.0023371548105997533,0.02026240537678831,0,-0.87462986982801449,-5.2837360427792843,-7.4779979485663084,0.99999999999999989]},"projectionMatrix":{"elements":[0.99587786462210648,0,0,0,0,2.1445069205095586,0,0,0,0,-1.0000200002000021,-1,0,0,-0.20000200002000021,0]},"aspect":2.1533834586466165,"far":10000,"filmGauge":35,"filmOffset":0,"focus":10,"fov":50,"near":0.1,"view":null,"zoom":1},{"_id":"5bba036ac8b49e43947f5bdb","metadata":{"generator":"WebGLRendererSerializer","type":"Object","version":"0.0.1"},"antialias":true,"autoClear":false,"autoClearColor":true,"autoClearDepth":true,"autoClearStencil":true,"autoUpdateScene":false,"clippingPlanes":[],"gammaFactor":2,"gammaInput":false,"gammaOutput":false,"localClippingEnabled":false,"physicallyCorrectLights":false,"shadowMap":{"metadata":{"generator":"WebGLShadowMapSerializer","type":"Object","version":"0.0.1"},"autoUpdate":true,"enabled":true,"needsUpdate":false,"type":2},"sortObjects":true,"toneMapping":1,"toneMappingExposure":1,"toneMappingWhitePoint":1},{"_id":"5bba036ac8b49e43947f5bdc","metadata":{"generator":"AnimationSerializer","type":"Object","version":"0.0.1"},"id":null,"uuid":"04FCEE9C-B864-4BE7-89D2-D88F428C3E8C","name":"组1","type":"AnimationGroup","index":1,"animations":[]},{"_id":"5bba036ac8b49e43947f5bdd","metadata":{"generator":"AnimationSerializer","type":"Object","version":"0.0.1"},"id":null,"uuid":"1383355F-C5BF-4FB3-A82D-E0641D23C83B","name":"组2","type":"AnimationGroup","index":1,"animations":[]},{"_id":"5bba036ac8b49e43947f5bde","metadata":{"generator":"AnimationSerializer","type":"Object","version":"0.0.1"},"id":null,"uuid":"539ED0A7-3B31-4E0B-A1C9-1893D438A4FE","name":"组3","type":"AnimationGroup","index":2,"animations":[]},{"_id":"5bba036ac8b49e43947f5bdf","metadata":{"generator":"AudioListenerSerializer","type":"Object","version":"0.0.1"},"castShadow":false,"children":[],"frustumCulled":true,"layers":{"mask":1},"matrix":{"elements":[1,0,0,0,0,1,0,0,0,0,1,0,0,0,0,1]},"matrixAutoUpdate":true,"matrixWorld":{"elements":[0.0203967488650032,-6.9388939039072284E-18,-0.99979196467852138,0,-0.11456083591128785,0.99341348520276207,-0.0023371548105997481,0,0.99320682010900674,0.11458467357069063,0.020262405376788362,0,6.8397289512865376,6.105798591047586,-0.73527459919154869,1]},"matrixWorldNeedsUpdate":false,"modelViewMatrix":{"elements":[1,0,0,0,0,1,0,0,0,0,1,0,0,0,0,1]},"name":"音频监听器","normalMatrix":{"elements":[1,0,0,0,1,0,0,0,1]},"parent":"CBDAE3F8-5645-4EDD-BBC7-01C6B78D843F","position":{"x":0,"y":0,"z":0},"quaternion":{"x":0,"y":0,"z":0,"w":1},"receiveShadow":false,"renderOrder":0,"rotation":{"x":0,"y":0,"z":0,"order":"XYZ"},"scale":{"x":1,"y":1,"z":1},"type":"AudioListener","up":{"x":0,"y":1,"z":0},"userData":{},"uuid":"D1A0B4EC-15C7-4837-A207-7821EC83DAF7","visible":true,"isObject3D":true,"masterVolume":1},{"_id":"5bba036ac8b49e43947f5be0","metadata":{"generator":"SceneSerializer","type":"Object","version":"0.0.1"},"castShadow":false,"children":["3CCBA0D7-6DAE-440C-8EC5-5A6E7BD59FAD","BB7BC72C-0D57-41FF-A8DA-8DC28CE7F67D","38AB23A8-016E-423C-94E8-ECD5603C9BF0","F637F7F9-2E29-4302-9CF2-20941637EEC8","34E2743F-C0C6-4AFB-94C1-8B0A81934050","AA591EDD-3A88-47B3-B44E-135066236347","CE5DD09E-68E3-4E6F-95FC-AB63E0E0287F","DFCEBEE6-C213-4DAC-AE13-D4AA8AA07033","E862E9C4-9D3F-42FF-9ED2-97D27943A766","3D1F5AFB-87D8-46E4-80E5-5407476375D0"],"frustumCulled":true,"layers":{"mask":1},"matrix":{"elements":[1,0,0,0,0,1,0,0,0,0,1,0,0,0,0,1]},"matrixAutoUpdate":true,"matrixWorld":{"elements":[1,0,0,0,0,1,0,0,0,0,1,0,0,0,0,1]},"matrixWorldNeedsUpdate":false,"modelViewMatrix":{"elements":[1,0,0,0,0,1,0,0,0,0,1,0,0,0,0,1]},"name":"场景","normalMatrix":{"elements":[1,0,0,0,1,0,0,0,1]},"parent":null,"position":{"x":0,"y":0,"z":0},"quaternion":{"x":0,"y":0,"z":0,"w":1},"receiveShadow":false,"renderOrder":0,"rotation":{"x":0,"y":0,"z":0,"order":"XYZ"},"scale":{"x":1,"y":1,"z":1},"type":"Scene","up":{"x":0,"y":1,"z":0},"userData":{},"uuid":"A25F4301-EF9F-4453-BB02-3D881EBA0239","visible":true,"isObject3D":true,"background":11184810,"fog":null,"overrideMaterial":null},{"_id":"5bba036ac8b49e43947f5be1","metadata":{"generator":"AmbientLightSerializer","type":"Object","version":"0.0.1"},"children":[],"frustumCulled":true,"layers":{"mask":1},"matrix":{"elements":[1,0,0,0,0,1,0,0,0,0,1,0,0,0,0,1]},"matrixAutoUpdate":true,"matrixWorld":{"elements":[1,0,0,0,0,1,0,0,0,0,1,0,0,0,0,1]},"matrixWorldNeedsUpdate":false,"modelViewMatrix":{"elements":[1,0,0,0,0,1,0,0,0,0,1,0,0,0,0,1]},"name":"环境光","normalMatrix":{"elements":[1,0,0,0,1,0,0,0,1]},"parent":"A25F4301-EF9F-4453-BB02-3D881EBA0239","position":{"x":0,"y":0,"z":0},"quaternion":{"x":0,"y":0,"z":0,"w":1},"renderOrder":0,"rotation":{"x":0,"y":0,"z":0,"order":"XYZ"},"scale":{"x":1,"y":1,"z":1},"type":"AmbientLight","up":{"x":0,"y":1,"z":0},"userData":{},"uuid":"3CCBA0D7-6DAE-440C-8EC5-5A6E7BD59FAD","visible":true,"isObject3D":true,"color":16777215,"intensity":0.24,"isLight":true,"shadow":null,"isAmbientLight":true},{"_id":"5bba036ac8b49e43947f5be2","metadata":{"generator":"DirectionalLightSerializer","type":"Object","version":"0.0.1"},"castShadow":true,"children":[],"frustumCulled":true,"layers":{"mask":1},"matrix":{"elements":[1,0,0,0,0,1,0,0,0,0,1,0,5,10,7.5,1]},"matrixAutoUpdate":true,"matrixWorld":{"elements":[1,0,0,0,0,1,0,0,0,0,1,0,5,10,7.5,1]},"matrixWorldNeedsUpdate":false,"modelViewMatrix":{"elements":[1,0,0,0,0,1,0,0,0,0,1,0,0,0,0,1]},"name":"平行光","normalMatrix":{"elements":[1,0,0,0,1,0,0,0,1]},"parent":"A25F4301-EF9F-4453-BB02-3D881EBA0239","position":{"x":5,"y":10,"z":7.5},"quaternion":{"x":0,"y":0,"z":0,"w":1},"renderOrder":0,"rotation":{"x":0,"y":0,"z":0,"order":"XYZ"},"scale":{"x":1,"y":1,"z":1},"type":"DirectionalLight","up":{"x":0,"y":1,"z":0},"userData":{},"uuid":"BB7BC72C-0D57-41FF-A8DA-8DC28CE7F67D","visible":true,"isObject3D":true,"color":16777215,"intensity":0.69,"isLight":true,"shadow":{"metadata":{"generator":"DirectionalLightShadowSerializer","type":"Object","version":"0.0.1"},"bias":0,"camera":{"metadata":{"generator":"OrthographicCameraSerializer","type":"Object","version":"0.0.1"},"castShadow":false,"children":[],"frustumCulled":true,"layers":{"mask":1},"matrix":{"elements":[0.83205029433784372,2.7755575615628914E-17,-0.554700196225229,0,-0.41202096209968375,0.66953406341198618,-0.61803144314952574,0,0.37139067635410372,0.74278135270820744,0.55708601453115558,0,5,10,7.5,1]},"matrixAutoUpdate":true,"matrixWorld":{"elements":[0.83205029433784372,2.7755575615628914E-17,-0.554700196225229,0,-0.41202096209968375,0.66953406341198618,-0.61803144314952574,0,0.37139067635410372,0.74278135270820744,0.55708601453115558,0,5,10,7.5,1]},"matrixWorldNeedsUpdate":false,"modelViewMatrix":{"elements":[1,0,0,0,0,1,0,0,0,0,1,0,0,0,0,1]},"name":"","normalMatrix":{"elements":[1,0,0,0,1,0,0,0,1]},"parent":null,"position":{"x":5,"y":10,"z":7.5},"quaternion":{"x":-0.38904698186552672,"y":0.26476298577359092,"z":0.1177939480420426,"w":0.87445273918619892},"receiveShadow":false,"renderOrder":0,"rotation":{"x":-0.92729521800161219,"y":0.3805063771123649,"z":0.45979025757734426,"order":"XYZ"},"scale":{"x":1,"y":1,"z":1},"type":"OrthographicCamera","up":{"x":0,"y":1,"z":0},"userData":{},"uuid":"923A4B38-860F-40A1-AEB1-110FAD475994","visible":true,"isObject3D":true,"matrixWorldInverse":{"elements":[0.83205029433784372,-0.41202096209968375,0.37139067635410367,0,-5.5511151231257827E-17,0.66953406341198618,0.74278135270820744,0,-0.55470019622522915,-0.61803144314952574,0.55708601453115558,0,0,0,-13.46291201783626,1]},"projectionMatrix":{"elements":[0.01,0,0,0,0,0.01,0,0,0,0,-0.004004004004004004,0,0,0,-1.002002002002002,1]},"bottom":-100,"far":500,"left":-100,"near":0.5,"right":100,"top":100,"view":null,"zoom":1},"map":{"metadata":{"generator":"WebGLRenderTargetSerializer","type":"Object","version":"0.0.1"},"depthBuffer":true,"depthTexture":null,"height":2048,"scissor":{"x":0,"y":0,"z":2048,"w":2048},"scissorTest":false,"stencilBuffer":true,"texture":{"metadata":{"generator":"TextureSerializer","type":"Object","version":"0.0.1"},"anisotropy":1,"center":{"x":0,"y":0},"encoding":3000,"flipY":true,"format":1023,"generateMipmaps":true,"image":null,"magFilter":1003,"mapping":300,"matrix":{"elements":[1,0,0,0,1,0,0,0,1]},"matrixAutoUpdate":true,"minFilter":1003,"mipmaps":[],"name":"平行光.shadowMap","offset":{"x":0,"y":0},"premultiplyAlpha":false,"repeat":{"x":1,"y":1},"rotation":0,"type":1009,"unpackAlignment":4,"uuid":"A56546F1-12E6-40FF-88DF-1264E39D2E75","version":0,"wrapS":1001,"wrapT":1001,"isTexture":true},"viewport":{"x":0,"y":0,"z":2048,"w":2048},"width":2048,"isWebGLRenderTarget":true},"mapSize":{"x":2048,"y":2048},"matrix":{"elements":[0.0041602514716892183,-0.0020601048104984189,-0.00074352487758579317,0,-2.7755575615628914E-19,0.0033476703170599309,-0.0014870497551715866,0,-0.002773500981126146,-0.0030901572157476286,-0.00111528731637869,0,0.5,0.5,0.025951775811484026,1]},"radius":1},"isDirectionalLight":true},{"_id":"5bba036ac8b49e43947f5be3","metadata":{"generator":"MeshSerializer","type":"Object","version":"0.0.1"},"castShadow":true,"children":[],"frustumCulled":true,"layers":{"mask":1},"matrix":{"elements":[1,0,0,0,0,1,0,0,0,0,1,0,0,-0.5,0,1]},"matrixAutoUpdate":true,"matrixWorld":{"elements":[1,0,0,0,0,1,0,0,0,0,1,0,0,-0.5,0,1]},"matrixWorldNeedsUpdate":false,"modelViewMatrix":{"elements":[0.020396748865003252,-0.11456083591128784,0.99320682010900674,0,4.7704895589362195E-18,0.99341348520276185,0.11458467357069063,0,-0.99979196467852161,-0.0023371548105997533,0.02026240537678831,0,-0.87462986982801449,-5.7804427853806652,-7.5352902853516541,0.99999999999999989]},"name":"物理平板","normalMatrix":{"elements":[0.0203967488650032,-0.11456083591128788,0.993206820109007,-6.93889390390723E-18,0.99341348520276229,0.11458467357069066,-0.99979196467852149,-0.0023371548105997481,0.020262405376788362]},"parent":"A25F4301-EF9F-4453-BB02-3D881EBA0239","position":{"x":0,"y":-0.5,"z":0},"quaternion":{"x":0,"y":0,"z":0,"w":1},"receiveShadow":true,"renderOrder":0,"rotation":{"x":0,"y":0,"z":0,"order":"XYZ"},"scale":{"x":1,"y":1,"z":1},"type":"Mesh","up":{"x":0,"y":1,"z":0},"userData":{"physicsBody":{"ptr":8470512}},"uuid":"38AB23A8-016E-423C-94E8-ECD5603C9BF0","visible":true,"isObject3D":true,"drawMode":0,"geometry":{"metadata":{"generator":"BoxBufferGeometrySerializer","type":"Object","version":"0.0.1"},"boundingBox":null,"boundingSphere":{"center":{"x":0,"y":0,"z":0},"radius":28.288690319631272},"drawRange":{"start":0,"count":null},"groups":[{"start":0,"count":6,"materialIndex":0},{"start":6,"count":6,"materialIndex":1},{"start":12,"count":6,"materialIndex":2},{"start":18,"count":6,"materialIndex":3},{"start":24,"count":6,"materialIndex":4},{"start":30,"count":6,"materialIndex":5}],"morphAttributes":{},"name":"","parameters":{"width":40,"height":1,"depth":40,"widthSegments":1,"heightSegments":1,"depthSegments":1},"type":"BoxBufferGeometry","userData":{},"uuid":"A2FF2268-973B-4607-9F0A-394EF8D46C69"},"material":{"metadata":{"generator":"MeshPhongMaterialSerializer","type":"Object","version":"0.0.1"},"alphaMap":null,"alphaTest":0,"aoMap":null,"aoMapIntensity":1,"blendDst":205,"blendDstAlpha":null,"blendEquation":100,"blendEquationAlpha":null,"blendSrc":204,"blendSrcAlpha":null,"blending":1,"bumpMap":null,"bumpScale":1,"clipIntersection":false,"clippingPlanes":null,"color":16777215,"colorWrite":true,"depthFunc":3,"depthTest":true,"depthWrite":true,"displacementBias":0,"displacementMap":null,"displacementScale":1,"dithering":false,"emissive":0,"emissiveIntensity":1,"emissiveMap":null,"envMap":null,"flatShading":false,"fog":true,"lightMap":null,"lightMapIntensity":1,"lights":true,"map":{"metadata":{"generator":"TextureSerializer","type":"Object","version":"0.0.1"},"anisotropy":1,"center":{"x":0,"y":0},"encoding":3000,"flipY":true,"format":1023,"generateMipmaps":true,"image":{"tagName":"img","src":"http://localhost:2000/assets/textures/grid.png","width":64,"height":64},"magFilter":1006,"mapping":300,"matrix":{"elements":[40,0,0,0,40,0,0,0,1]},"matrixAutoUpdate":true,"minFilter":1008,"mipmaps":[],"name":"","offset":{"x":0,"y":0},"premultiplyAlpha":false,"repeat":{"x":40,"y":40},"rotation":0,"type":1009,"unpackAlignment":4,"uuid":"243E83F1-51A7-49C7-BA4F-05965662E59C","version":1,"wrapS":1000,"wrapT":1000,"isTexture":true},"metalnessMap":null,"morphNormals":false,"morphTargets":false,"name":"","normalMap":null,"normalScale":{"x":1,"y":1},"opacity":1,"overdraw":0,"polygonOffset":false,"polygonOffsetFactor":0,"polygonOffsetUnits":0,"precision":null,"premultipliedAlpha":false,"refractionRatio":0.98,"roughnessMap":null,"shadowSide":null,"side":0,"skinning":false,"transparent":false,"type":"MeshPhongMaterial","userData":{},"uuid":"980987D8-E9A1-4D94-9DF3-5613DF9BA3B1","vertexColors":0,"visible":true,"wireframe":false,"wireframeLinecap":"round","wireframeLinejoin":"round","wireframeLinewidth":1}},{"_id":"5bba036ac8b49e43947f5be4","metadata":{"generator":"MeshSerializer","type":"Object","version":"0.0.1"},"castShadow":true,"children":[],"frustumCulled":true,"layers":{"mask":1},"matrix":{"elements":[1,0,0,0,0,1,0,0,0,0,1,0,0,0,0,1]},"matrixAutoUpdate":true,"matrixWorld":{"elements":[1,0,0,0,0,1,0,0,0,0,1,0,0,0,0,1]},"matrixWorldNeedsUpdate":false,"modelViewMatrix":{"elements":[0.020396748865003252,-0.11456083591128784,0.99320682010900674,0,4.7704895589362195E-18,0.99341348520276185,0.11458467357069063,0,-0.99979196467852161,-0.0023371548105997533,0.02026240537678831,0,-0.87462986982801449,-5.2837360427792843,-7.4779979485663084,0.99999999999999989]},"name":"布","normalMatrix":{"elements":[0.0203967488650032,-0.11456083591128788,0.993206820109007,-6.93889390390723E-18,0.99341348520276229,0.11458467357069066,-0.99979196467852149,-0.0023371548105997481,0.020262405376788362]},"parent":"A25F4301-EF9F-4453-BB02-3D881EBA0239","position":{"x":0,"y":0,"z":0},"quaternion":{"x":0,"y":0,"z":0,"w":1},"receiveShadow":false,"renderOrder":0,"rotation":{"x":0,"y":0,"z":0,"order":"XYZ"},"scale":{"x":1,"y":1,"z":1},"type":"Mesh","up":{"x":0,"y":1,"z":0},"userData":{"physicsBody":{"ptr":8479328}},"uuid":"F637F7F9-2E29-4302-9CF2-20941637EEC8","visible":true,"isObject3D":true,"drawMode":0,"geometry":{"metadata":{"generator":"PlaneBufferGeometrySerializer","type":"Object","version":"0.0.1"},"boundingBox":null,"boundingSphere":{"center":{"x":-3,"y":4.5,"z":0},"radius":2.5},"drawRange":{"start":0,"count":null},"groups":[{"start":0,"count":1800,"materialIndex":0}],"morphAttributes":{},"name":"","parameters":{"width":4,"height":3,"widthSegments":20,"heightSegments":15},"type":"PlaneBufferGeometry","userData":{},"uuid":"8DE072EF-EA92-4ACF-B17C-B7795D3C027E"},"material":{"metadata":{"generator":"MeshLambertMaterialSerializer","type":"Object","version":"0.0.1"},"alphaMap":null,"alphaTest":0,"aoMap":null,"aoMapIntensity":1,"blendDst":205,"blendDstAlpha":null,"blendEquation":100,"blendEquationAlpha":null,"blendSrc":204,"blendSrcAlpha":null,"blending":1,"bumpMap":null,"clipIntersection":false,"clippingPlanes":null,"color":16777215,"colorWrite":true,"depthFunc":3,"depthTest":true,"depthWrite":true,"displacementMap":null,"dithering":false,"emissive":0,"emissiveIntensity":1,"emissiveMap":null,"envMap":null,"flatShading":false,"fog":true,"lightMap":null,"lightMapIntensity":1,"lights":true,"map":{"metadata":{"generator":"TextureSerializer","type":"Object","version":"0.0.1"},"anisotropy":1,"center":{"x":0,"y":0},"encoding":3000,"flipY":true,"format":1023,"generateMipmaps":true,"image":{"tagName":"img","src":"http://localhost:2000/assets/textures/grid.png","width":64,"height":64},"magFilter":1006,"mapping":300,"matrix":{"elements":[20,0,0,0,15,0,0,0,1]},"matrixAutoUpdate":true,"minFilter":1008,"mipmaps":[],"name":"","offset":{"x":0,"y":0},"premultiplyAlpha":false,"repeat":{"x":20,"y":15},"rotation":0,"type":1009,"unpackAlignment":4,"uuid":"F86471B5-E234-4B56-9110-55EC18CAF5A9","version":1,"wrapS":1000,"wrapT":1000,"isTexture":true},"metalnessMap":null,"morphNormals":false,"morphTargets":false,"name":"","normalMap":null,"opacity":1,"overdraw":0,"polygonOffset":false,"polygonOffsetFactor":0,"polygonOffsetUnits":0,"precision":null,"premultipliedAlpha":false,"refractionRatio":0.98,"roughnessMap":null,"shadowSide":null,"side":2,"skinning":false,"transparent":false,"type":"MeshLambertMaterial","userData":{},"uuid":"0F7F5940-F74A-435B-8691-8D9F67314A90","vertexColors":0,"visible":true,"wireframe":false,"wireframeLinecap":"round","wireframeLinejoin":"round","wireframeLinewidth":1}},{"_id":"5bba036ac8b49e43947f5be5","metadata":{"generator":"MeshSerializer","type":"Object","version":"0.0.1"},"castShadow":true,"children":[],"frustumCulled":true,"layers":{"mask":1},"matrix":{"elements":[1,0,0,0,0,1,0,0,0,0,1,0,-3,0.1,-5,1]},"matrixAutoUpdate":true,"matrixWorld":{"elements":[1,0,0,0,0,1,0,0,0,0,1,0,-3,0.1,-5,1]},"matrixWorldNeedsUpdate":false,"modelViewMatrix":{"elements":[0.020396748865003252,-0.11456083591128784,0.99320682010900674,0,4.7704895589362195E-18,0.99341348520276185,0.11458467357069063,0,-0.99979196467852161,-0.0023371548105997533,0.02026240537678831,0,4.0631397069695838,-4.829026412472146,-10.5474719684202,0.99999999999999989]},"name":"","normalMatrix":{"elements":[0.0203967488650032,-0.11456083591128788,0.993206820109007,-6.93889390390723E-18,0.99341348520276229,0.11458467357069066,-0.99979196467852149,-0.0023371548105997481,0.020262405376788362]},"parent":"A25F4301-EF9F-4453-BB02-3D881EBA0239","position":{"x":-3,"y":0.1,"z":-5},"quaternion":{"x":0,"y":0,"z":0,"w":1},"receiveShadow":true,"renderOrder":0,"rotation":{"x":0,"y":0,"z":0,"order":"XYZ"},"scale":{"x":1,"y":1,"z":1},"type":"Mesh","up":{"x":0,"y":1,"z":0},"userData":{"physicsBody":{"ptr":8472576}},"uuid":"34E2743F-C0C6-4AFB-94C1-8B0A81934050","visible":true,"isObject3D":true,"drawMode":0,"geometry":{"metadata":{"generator":"BoxBufferGeometrySerializer","type":"Object","version":"0.0.1"},"boundingBox":null,"boundingSphere":{"center":{"x":0,"y":0,"z":0},"radius":0.714142843062943},"drawRange":{"start":0,"count":null},"groups":[{"start":0,"count":6,"materialIndex":0},{"start":6,"count":6,"materialIndex":1},{"start":12,"count":6,"materialIndex":2},{"start":18,"count":6,"materialIndex":3},{"start":24,"count":6,"materialIndex":4},{"start":30,"count":6,"materialIndex":5}],"morphAttributes":{},"name":"","parameters":{"width":1,"height":0.2,"depth":1,"widthSegments":1,"heightSegments":1,"depthSegments":1},"type":"BoxBufferGeometry","userData":{},"uuid":"A08E74BF-1E92-4D80-B855-D6BDB5B8C9DB"},"material":{"metadata":{"generator":"MeshPhongMaterialSerializer","type":"Object","version":"0.0.1"},"alphaMap":null,"alphaTest":0,"aoMap":null,"aoMapIntensity":1,"blendDst":205,"blendDstAlpha":null,"blendEquation":100,"blendEquationAlpha":null,"blendSrc":204,"blendSrcAlpha":null,"blending":1,"bumpMap":null,"bumpScale":1,"clipIntersection":false,"clippingPlanes":null,"color":6316128,"colorWrite":true,"depthFunc":3,"depthTest":true,"depthWrite":true,"displacementBias":0,"displacementMap":null,"displacementScale":1,"dithering":false,"emissive":0,"emissiveIntensity":1,"emissiveMap":null,"envMap":null,"flatShading":false,"fog":true,"lightMap":null,"lightMapIntensity":1,"lights":true,"map":null,"metalnessMap":null,"morphNormals":false,"morphTargets":false,"name":"","normalMap":null,"normalScale":{"x":1,"y":1},"opacity":1,"overdraw":0,"polygonOffset":false,"polygonOffsetFactor":0,"polygonOffsetUnits":0,"precision":null,"premultipliedAlpha":false,"refractionRatio":0.98,"roughnessMap":null,"shadowSide":null,"side":0,"skinning":false,"transparent":false,"type":"MeshPhongMaterial","userData":{},"uuid":"E65CCAB4-3841-44AC-8E42-B8C2D585632E","vertexColors":0,"visible":true,"wireframe":false,"wireframeLinecap":"round","wireframeLinejoin":"round","wireframeLinewidth":1}},{"_id":"5bba036ac8b49e43947f5be6","metadata":{"generator":"MeshSerializer","type":"Object","version":"0.0.1"},"castShadow":true,"children":[],"frustumCulled":true,"layers":{"mask":1},"matrix":{"elements":[1,0,0,0,0,1,0,0,0,0,1,0,-3,3,-5,1]},"matrixAutoUpdate":true,"matrixWorld":{"elements":[1,0,0,0,0,1,0,0,0,0,1,0,-3,3,-5,1]},"matrixWorldNeedsUpdate":false,"modelViewMatrix":{"elements":[0.020396748865003252,-0.11456083591128784,0.99320682010900674,0,4.7704895589362195E-18,0.99341348520276185,0.11458467357069063,0,-0.99979196467852161,-0.0023371548105997533,0.02026240537678831,0,4.0631397069695838,-1.9481273053841361,-10.215176415065198,0.99999999999999989]},"name":"","normalMatrix":{"elements":[0.0203967488650032,-0.11456083591128788,0.993206820109007,-6.93889390390723E-18,0.99341348520276229,0.11458467357069066,-0.99979196467852149,-0.0023371548105997481,0.020262405376788362]},"parent":"A25F4301-EF9F-4453-BB02-3D881EBA0239","position":{"x":-3,"y":3,"z":-5},"quaternion":{"x":0,"y":0,"z":0,"w":1},"receiveShadow":true,"renderOrder":0,"rotation":{"x":0,"y":0,"z":0,"order":"XYZ"},"scale":{"x":1,"y":1,"z":1},"type":"Mesh","up":{"x":0,"y":1,"z":0},"userData":{"physicsBody":{"ptr":8473216}},"uuid":"AA591EDD-3A88-47B3-B44E-135066236347","visible":true,"isObject3D":true,"drawMode":0,"geometry":{"metadata":{"generator":"BoxBufferGeometrySerializer","type":"Object","version":"0.0.1"},"boundingBox":null,"boundingSphere":{"center":{"x":0,"y":0,"z":0},"radius":3.0133038350594825},"drawRange":{"start":0,"count":null},"groups":[{"start":0,"count":6,"materialIndex":0},{"start":6,"count":6,"materialIndex":1},{"start":12,"count":6,"materialIndex":2},{"start":18,"count":6,"materialIndex":3},{"start":24,"count":6,"materialIndex":4},{"start":30,"count":6,"materialIndex":5}],"morphAttributes":{},"name":"","parameters":{"width":0.4,"height":6,"depth":0.4,"widthSegments":1,"heightSegments":1,"depthSegments":1},"type":"BoxBufferGeometry","userData":{},"uuid":"E47A46F6-356A-45BD-90A5-5201DC573F53"},"material":{"metadata":{"generator":"MeshPhongMaterialSerializer","type":"Object","version":"0.0.1"},"alphaMap":null,"alphaTest":0,"aoMap":null,"aoMapIntensity":1,"blendDst":205,"blendDstAlpha":null,"blendEquation":100,"blendEquationAlpha":null,"blendSrc":204,"blendSrcAlpha":null,"blending":1,"bumpMap":null,"bumpScale":1,"clipIntersection":false,"clippingPlanes":null,"color":6316128,"colorWrite":true,"depthFunc":3,"depthTest":true,"depthWrite":true,"displacementBias":0,"displacementMap":null,"displacementScale":1,"dithering":false,"emissive":0,"emissiveIntensity":1,"emissiveMap":null,"envMap":null,"flatShading":false,"fog":true,"lightMap":null,"lightMapIntensity":1,"lights":true,"map":null,"metalnessMap":null,"morphNormals":false,"morphTargets":false,"name":"","normalMap":null,"normalScale":{"x":1,"y":1},"opacity":1,"overdraw":0,"polygonOffset":false,"polygonOffsetFactor":0,"polygonOffsetUnits":0,"precision":null,"premultipliedAlpha":false,"refractionRatio":0.98,"roughnessMap":null,"shadowSide":null,"side":0,"skinning":false,"transparent":false,"type":"MeshPhongMaterial","userData":{},"uuid":"E65CCAB4-3841-44AC-8E42-B8C2D585632E","vertexColors":0,"visible":true,"wireframe":false,"wireframeLinecap":"round","wireframeLinejoin":"round","wireframeLinewidth":1}},{"_id":"5bba036ac8b49e43947f5be7","metadata":{"generator":"MeshSerializer","type":"Object","version":"0.0.1"},"castShadow":true,"children":[],"frustumCulled":true,"layers":{"mask":1},"matrix":{"elements":[1,0,0,0,0,1,0,0,0,0,1,0,-3,6.2,-1.5,1]},"matrixAutoUpdate":true,"matrixWorld":{"elements":[1,0,0,0,0,1,0,0,0,0,1,0,-3,6.2,-1.5,1]},"matrixWorldNeedsUpdate":false,"modelViewMatrix":{"elements":[0.020396748865003252,-0.11456083591128784,0.99320682010900674,0,4.7704895589362195E-18,0.99341348520276185,0.11458467357069063,0,-0.99979196467852161,-0.0023371548105997533,0.02026240537678831,0,0.56386783059475809,1.2226158054276022,-9.77758704082023,0.99999999999999989]},"name":"","normalMatrix":{"elements":[0.0203967488650032,-0.11456083591128788,0.993206820109007,-6.93889390390723E-18,0.99341348520276229,0.11458467357069066,-0.99979196467852149,-0.0023371548105997481,0.020262405376788362]},"parent":"A25F4301-EF9F-4453-BB02-3D881EBA0239","position":{"x":-3,"y":6.2,"z":-1.5},"quaternion":{"x":0,"y":0,"z":0,"w":1},"receiveShadow":true,"renderOrder":0,"rotation":{"x":0,"y":0,"z":0,"order":"XYZ"},"scale":{"x":1,"y":1,"z":1},"type":"Mesh","up":{"x":0,"y":1,"z":0},"userData":{"physicsBody":{"ptr":8473856}},"uuid":"CE5DD09E-68E3-4E6F-95FC-AB63E0E0287F","visible":true,"isObject3D":true,"drawMode":0,"geometry":{"metadata":{"generator":"BoxBufferGeometrySerializer","type":"Object","version":"0.0.1"},"boundingBox":null,"boundingSphere":{"center":{"x":0,"y":0,"z":0},"radius":3.7107951109221435},"drawRange":{"start":0,"count":null},"groups":[{"start":0,"count":6,"materialIndex":0},{"start":6,"count":6,"materialIndex":1},{"start":12,"count":6,"materialIndex":2},{"start":18,"count":6,"materialIndex":3},{"start":24,"count":6,"materialIndex":4},{"start":30,"count":6,"materialIndex":5}],"morphAttributes":{},"name":"","parameters":{"width":0.4,"height":0.4,"depth":7.4,"widthSegments":1,"heightSegments":1,"depthSegments":1},"type":"BoxBufferGeometry","userData":{},"uuid":"71079DAE-DA54-4AD6-A92F-2C7A5ED759F4"},"material":{"metadata":{"generator":"MeshPhongMaterialSerializer","type":"Object","version":"0.0.1"},"alphaMap":null,"alphaTest":0,"aoMap":null,"aoMapIntensity":1,"blendDst":205,"blendDstAlpha":null,"blendEquation":100,"blendEquationAlpha":null,"blendSrc":204,"blendSrcAlpha":null,"blending":1,"bumpMap":null,"bumpScale":1,"clipIntersection":false,"clippingPlanes":null,"color":6316128,"colorWrite":true,"depthFunc":3,"depthTest":true,"depthWrite":true,"displacementBias":0,"displacementMap":null,"displacementScale":1,"dithering":false,"emissive":0,"emissiveIntensity":1,"emissiveMap":null,"envMap":null,"flatShading":false,"fog":true,"lightMap":null,"lightMapIntensity":1,"lights":true,"map":null,"metalnessMap":null,"morphNormals":false,"morphTargets":false,"name":"","normalMap":null,"normalScale":{"x":1,"y":1},"opacity":1,"overdraw":0,"polygonOffset":false,"polygonOffsetFactor":0,"polygonOffsetUnits":0,"precision":null,"premultipliedAlpha":false,"refractionRatio":0.98,"roughnessMap":null,"shadowSide":null,"side":0,"skinning":false,"transparent":false,"type":"MeshPhongMaterial","userData":{},"uuid":"E65CCAB4-3841-44AC-8E42-B8C2D585632E","vertexColors":0,"visible":true,"wireframe":false,"wireframeLinecap":"round","wireframeLinejoin":"round","wireframeLinewidth":1}},{"_id":"5bba036ac8b49e43947f5be8","metadata":{"generator":"MeshSerializer","type":"Object","version":"0.0.1"},"castShadow":true,"children":[],"frustumCulled":true,"layers":{"mask":1},"matrix":{"elements":[0.99079179619130531,0.13539398339416753,-0.00029152044918658672,0,-0.13539397955799171,0.99078251069146617,-0.0042995267165789634,0,-0.00029329671413756052,0.0042994059120239321,0.99999071449936838,0,-704.2752685546875,-6295.919921875,-23.396493911743164,1]},"matrixAutoUpdate":true,"matrixWorld":{"elements":[0.99079179619130531,0.13539398339416753,-0.00029152044918658672,0,-0.13539397955799171,0.99078251069146617,-0.0042995267165789634,0,-0.00029329671413756052,0.0042994059120239321,0.99999071449936838,0,-704.2752685546875,-6295.919921875,-23.396493911743164,1]},"matrixWorldNeedsUpdate":false,"modelViewMatrix":{"elements":[-0.18826187320819182,-0.518516486475614,-0.834085186179845,0,0.78733047016329,-0.58735247485091047,0.1874240605466328,0,-0.58708447679568576,-0.62141589070680658,0.51881991852654163,0,-100.38493789030937,-42.916814363161734,-169.96114859001406,1]},"name":"","normalMatrix":{"elements":[0.021204114023131986,-0.47442403287779289,0.88004103672968492,-0.0041990587653466319,0.88018891885468775,0.47460492916369323,-0.99976634943093623,-0.013758921067936643,0.016671491845793467]},"parent":"A25F4301-EF9F-4453-BB02-3D881EBA0239","position":{"x":-704.2752685546875,"y":-6295.919921875,"z":-23.396493911743164},"quaternion":{"x":-0.0021547041833400726,"y":-4.4509309304885392E-07,"z":0.067853532731533051,"w":0.99769294261932373},"receiveShadow":true,"renderOrder":0,"rotation":{"x":-0.0042994193427366338,"y":-0.00029329671834260271,"z":0.13581109871235472,"order":"XYZ"},"scale":{"x":1,"y":1,"z":1},"type":"Mesh","up":{"x":0,"y":1,"z":0},"userData":{"physicsBody":{"ptr":8737072}},"uuid":"DFCEBEE6-C213-4DAC-AE13-D4AA8AA07033","visible":true,"isObject3D":true,"drawMode":0,"geometry":{"metadata":{"generator":"SphereBufferGeometrySerializer","type":"Object","version":"0.0.1"},"boundingBox":null,"boundingSphere":{"center":{"x":0,"y":0,"z":0},"radius":0.40000001215130326},"drawRange":{"start":0,"count":null},"groups":[],"morphAttributes":{},"name":"","parameters":{"radius":0.4,"widthSegments":14,"heightSegments":10},"type":"SphereBufferGeometry","userData":{},"uuid":"82F4B1A6-07C3-46FF-BBEB-34C04F39B31A"},"material":{"metadata":{"generator":"MeshPhongMaterialSerializer","type":"Object","version":"0.0.1"},"alphaMap":null,"alphaTest":0,"aoMap":null,"aoMapIntensity":1,"blendDst":205,"blendDstAlpha":null,"blendEquation":100,"blendEquationAlpha":null,"blendSrc":204,"blendSrcAlpha":null,"blending":1,"bumpMap":null,"bumpScale":1,"clipIntersection":false,"clippingPlanes":null,"color":2105376,"colorWrite":true,"depthFunc":3,"depthTest":true,"depthWrite":true,"displacementBias":0,"displacementMap":null,"displacementScale":1,"dithering":false,"emissive":0,"emissiveIntensity":1,"emissiveMap":null,"envMap":null,"flatShading":false,"fog":true,"lightMap":null,"lightMapIntensity":1,"lights":true,"map":null,"metalnessMap":null,"morphNormals":false,"morphTargets":false,"name":"","normalMap":null,"normalScale":{"x":1,"y":1},"opacity":1,"overdraw":0,"polygonOffset":false,"polygonOffsetFactor":0,"polygonOffsetUnits":0,"precision":null,"premultipliedAlpha":false,"refractionRatio":0.98,"roughnessMap":null,"shadowSide":null,"side":0,"skinning":false,"transparent":false,"type":"MeshPhongMaterial","userData":{},"uuid":"0A54FB22-F2B1-48B0-B4DB-E6F926EA525C","vertexColors":0,"visible":true,"wireframe":false,"wireframeLinecap":"round","wireframeLinejoin":"round","wireframeLinewidth":1}},{"_id":"5bba036ac8b49e43947f5be9","metadata":{"generator":"MeshSerializer","type":"Object","version":"0.0.1"},"castShadow":true,"children":[],"frustumCulled":true,"layers":{"mask":1},"matrix":{"elements":[0.99485116384309824,0.086224546733059682,0.053258705206043366,0,-0.085021435339328044,0.99607881550608224,-0.02446117518441461,0,-0.055159021677204212,0.019807097193697207,0.99828110336804265,0,-651.4443359375,-5126.41650390625,-20.593238830566406,1]},"matrixAutoUpdate":true,"matrixWorld":{"elements":[0.99485116384309824,0.086224546733059682,0.053258705206043366,0,-0.085021435339328044,0.99607881550608224,-0.02446117518441461,0,-0.055159021677204212,0.019807097193697207,0.99828110336804265,0,-651.4443359375,-5126.41650390625,-20.593238830566406,1]},"matrixWorldNeedsUpdate":false,"modelViewMatrix":{"elements":[-0.15319235633863831,-0.59001035904350085,-0.792729447042039,0,0.81873133923916408,-0.52498901762510464,0.23252015729405756,0,-0.55336350109179455,-0.6134120705057271,0.56348422109227869,0,-100.28618778060844,-38.524850933733205,-164.49630119809595,1]},"name":"","normalMatrix":{"elements":[-0.010197263305075643,0.092579245874429367,-0.99565314367727442,0.037237724271533476,-0.99497909823907849,-0.092897951495361272,-0.99925440592505732,-0.03802316042827069,0.0066986223081494257]},"parent":"A25F4301-EF9F-4453-BB02-3D881EBA0239","position":{"x":-651.4443359375,"y":-5126.41650390625,"z":-20.593238830566406},"quaternion":{"x":-0.01108202338218689,"y":-0.027141058817505836,"z":0.042869348078966141,"w":0.99865049123764038},"receiveShadow":true,"renderOrder":0,"rotation":{"x":-0.019838599133565102,"y":-0.055187030424915413,"z":0.08525430890698342,"order":"XYZ"},"scale":{"x":1,"y":1,"z":1},"type":"Mesh","up":{"x":0,"y":1,"z":0},"userData":{"physicsBody":{"ptr":8740048}},"uuid":"E862E9C4-9D3F-42FF-9ED2-97D27943A766","visible":true,"isObject3D":true,"drawMode":0,"geometry":{"metadata":{"generator":"SphereBufferGeometrySerializer","type":"Object","version":"0.0.1"},"boundingBox":null,"boundingSphere":{"center":{"x":0,"y":0,"z":0},"radius":0.40000001215130326},"drawRange":{"start":0,"count":null},"groups":[],"morphAttributes":{},"name":"","parameters":{"radius":0.4,"widthSegments":14,"heightSegments":10},"type":"SphereBufferGeometry","userData":{},"uuid":"130275C3-F271-4EAD-8933-936783D5F176"},"material":{"metadata":{"generator":"MeshPhongMaterialSerializer","type":"Object","version":"0.0.1"},"alphaMap":null,"alphaTest":0,"aoMap":null,"aoMapIntensity":1,"blendDst":205,"blendDstAlpha":null,"blendEquation":100,"blendEquationAlpha":null,"blendSrc":204,"blendSrcAlpha":null,"blending":1,"bumpMap":null,"bumpScale":1,"clipIntersection":false,"clippingPlanes":null,"color":2105376,"colorWrite":true,"depthFunc":3,"depthTest":true,"depthWrite":true,"displacementBias":0,"displacementMap":null,"displacementScale":1,"dithering":false,"emissive":0,"emissiveIntensity":1,"emissiveMap":null,"envMap":null,"flatShading":false,"fog":true,"lightMap":null,"lightMapIntensity":1,"lights":true,"map":null,"metalnessMap":null,"morphNormals":false,"morphTargets":false,"name":"","normalMap":null,"normalScale":{"x":1,"y":1},"opacity":1,"overdraw":0,"polygonOffset":false,"polygonOffsetFactor":0,"polygonOffsetUnits":0,"precision":null,"premultipliedAlpha":false,"refractionRatio":0.98,"roughnessMap":null,"shadowSide":null,"side":0,"skinning":false,"transparent":false,"type":"MeshPhongMaterial","userData":{},"uuid":"F3AADC01-5D9F-44FA-8558-129769C85150","vertexColors":0,"visible":true,"wireframe":false,"wireframeLinecap":"round","wireframeLinejoin":"round","wireframeLinewidth":1}},{"_id":"5bba036ac8b49e43947f5bea","metadata":{"generator":"MeshSerializer","type":"Object","version":"0.0.1"},"castShadow":true,"children":[],"frustumCulled":true,"layers":{"mask":1},"matrix":{"elements":[1,0,0,0,0,1,0,0,0,0,1,0,-138.83003234863281,-279.17648315429687,125.37359619140625,1]},"matrixAutoUpdate":true,"matrixWorld":{"elements":[1,0,0,0,0,1,0,0,0,0,1,0,-138.83003234863281,-279.17648315429687,125.37359619140625,1]},"matrixWorldNeedsUpdate":false,"modelViewMatrix":{"elements":[0.83205029433784372,-0.41202096209968375,0.37139067635410367,0,-5.5511151231257827E-17,0.66953406341198618,0.74278135270820744,0,-0.55470019622522915,-0.61803144314952574,0.55708601453115558,0,-100.05730232261459,-59.206585049469069,-54.38242941864037,1]},"name":"","normalMatrix":{"elements":[0.0203967488650032,-0.11456083591128788,0.993206820109007,-6.93889390390723E-18,0.99341348520276229,0.11458467357069066,-0.99979196467852149,-0.0023371548105997481,0.020262405376788362]},"parent":"A25F4301-EF9F-4453-BB02-3D881EBA0239","position":{"x":-138.83003234863281,"y":-279.17648315429687,"z":125.37359619140625},"quaternion":{"x":0,"y":0,"z":0,"w":1},"receiveShadow":true,"renderOrder":0,"rotation":{"x":0,"y":0,"z":0,"order":"XYZ"},"scale":{"x":1,"y":1,"z":1},"type":"Mesh","up":{"x":0,"y":1,"z":0},"userData":{"physicsBody":{"ptr":8733600}},"uuid":"3D1F5AFB-87D8-46E4-80E5-5407476375D0","visible":true,"isObject3D":true,"drawMode":0,"geometry":{"metadata":{"generator":"SphereBufferGeometrySerializer","type":"Object","version":"0.0.1"},"boundingBox":null,"boundingSphere":{"center":{"x":0,"y":0,"z":0},"radius":0.40000001215130326},"drawRange":{"start":0,"count":null},"groups":[],"morphAttributes":{},"name":"","parameters":{"radius":0.4,"widthSegments":14,"heightSegments":10},"type":"SphereBufferGeometry","userData":{},"uuid":"2091EA10-E62F-44B8-896E-113E43E284D9"},"material":{"metadata":{"generator":"MeshPhongMaterialSerializer","type":"Object","version":"0.0.1"},"alphaMap":null,"alphaTest":0,"aoMap":null,"aoMapIntensity":1,"blendDst":205,"blendDstAlpha":null,"blendEquation":100,"blendEquationAlpha":null,"blendSrc":204,"blendSrcAlpha":null,"blending":1,"bumpMap":null,"bumpScale":1,"clipIntersection":false,"clippingPlanes":null,"color":2105376,"colorWrite":true,"depthFunc":3,"depthTest":true,"depthWrite":true,"displacementBias":0,"displacementMap":null,"displacementScale":1,"dithering":false,"emissive":0,"emissiveIntensity":1,"emissiveMap":null,"envMap":null,"flatShading":false,"fog":true,"lightMap":null,"lightMapIntensity":1,"lights":true,"map":null,"metalnessMap":null,"morphNormals":false,"morphTargets":false,"name":"","normalMap":null,"normalScale":{"x":1,"y":1},"opacity":1,"overdraw":0,"polygonOffset":false,"polygonOffsetFactor":0,"polygonOffsetUnits":0,"precision":null,"premultipliedAlpha":false,"refractionRatio":0.98,"roughnessMap":null,"shadowSide":null,"side":0,"skinning":false,"transparent":false,"type":"MeshPhongMaterial","userData":{},"uuid":"A9CE3AC2-88E4-41A2-BB0F-3AC9DCB4C949","vertexColors":0,"visible":true,"wireframe":false,"wireframeLinecap":"round","wireframeLinejoin":"round","wireframeLinewidth":1}}]}